# PING PONG measurements (in us)
# Executed at: 12405.627534
#           Roundtrip time [us]             Write-access time [us]          Read-access time [us]
# Block     Count   mean    min    max      Count   mean    min    max      Count   mean    min    max
     2        100 316.02    245   5277        100  76.78     67    487          0      0      0      0
     3        100 269.02    245   1966        100  85.58     67   1746          0      0      0      0
     4        100 250.42    245    356        100  68.65     67     88          0      0      0      0
     5        100 255.03    245    627        100  72.14     67    326          0      0      0      0
     6        100  545.6    246  29333        100  72.63     67    441          0      0      0      0
     7        100 248.73    246    300        100  68.11     67     77          0      0      0      0
     8        100 249.17    246    346        100  68.28     67     88          0      0      0      0
     9        100 275.34    246   2255        100  69.18     67    120          0      0      0      0
    10        100 253.27    245    628        100  68.25     67     83          0      0      0      0
    11        100 251.82    246    596        100  68.23     67     89          0      0      0      0
    12        100 258.39    246    627        100  71.88     67    370          0      0      0      0
    13        100 253.37    246    630        100  69.45     67    178          0      0      0      0
    14        100  253.6    245    660        100  68.17     67     79          0      0      0      0
    15        100 255.99    246    633        100  68.62     67     89          0      0      0      0
    16        100 249.83    246    351        100  68.58     67    115          0      0      0      0
    17        100 256.23    246    631        100  68.41     67     88          0      0      0      0
    18        100 251.48    245    441        100  68.78     67     88          0      0      0      0
    19        100  253.1    246    628        100  71.71     67    439          0      0      0      0
    20        100  249.5    245    351        100  68.02     67     80          0      0      0      0
    21        100 267.69    245   1363        100  71.59     67    295          0      0      0      0
    22        100 254.82    246    628        100  70.43     67    239          0      0      0      0
    23        100  256.9    245    631        100  68.29     67     89          0      0      0      0
    24        100 264.68    245    954        100  70.45     67    185          0      0      0      0
    25        100 249.62    246    302        100  68.28     67     80          0      0      0      0
    26        100 256.46    245    632        100  68.74     67     91          0      0      0      0
    27        100 256.01    245    629        100  68.52     67     87          0      0      0      0
    28        100 249.03    246    318        100  68.27     67     80          0      0      0      0
    29        100 327.31    246   7300        100  68.96     67    102          0      0      0      0
    30        100 252.91    245    451        100  69.66     67    197          0      0      0      0
    31        100 257.78    245    745        100  68.25     67     82          0      0      0      0
    32        100 265.64    246   1061        100   69.6     67    188          0      0      0      0
    33        100 255.51    246    623        100   72.4     67    432          0      0      0      0
    34        100 251.82    246    619        100  68.38     67     90          0      0      0      0
    35        100 254.53    246    653        100  68.94     67    115          0      0      0      0
    36        100 259.33    245    643        100  68.61     67     95          0      0      0      0
    37        100 250.31    246    374        100  68.28     67     87          0      0      0      0
    38        100 254.22    246    629        100  68.13     67     73          0      0      0      0
    39        100 255.65    246    872        100  69.14     67    161          0      0      0      0
    40        100 255.76    246    633        100  71.87     67    441          0      0      0      0
    41        100 249.44    246    353        100  67.86     67     74          0      0      0      0
    42        100 253.89    245    490        100  68.54     67     86          0      0      0      0
    43        100 255.61    245    643        100  71.93     67    436          0      0      0      0
    44        100 254.92    246    627        100  69.56     67    184          0      0      0      0
    45        100 251.38    245    553        100  71.45     67    367          0      0      0      0
    46        100 263.17    246    915        100   72.3     67    440          0      0      0      0
    47        100 248.79    245    340        100  68.15     67     81          0      0      0      0
    48        100 255.16    246    630        100  71.93     67    440          0      0      0      0
    49        100 252.97    245    465        100   68.8     67    116          0      0      0      0
    50        100 253.97    245    631        100  68.44     67     89          0      0      0      0
    51        100 271.63    245   2558        100  68.31     67     82          0      0      0      0
    52        100    262    246   1184        100  69.26     67    167          0      0      0      0
    53        100 249.35    245    310        100   68.9     67    129          0      0      0      0
    54        100 264.81    245   1092        100  76.35     67    871          0      0      0      0
    55        100 271.85    245   1033        100  70.35     67    123          0      0      0      0
    56        100  249.9    246    376        100  68.64     67    115          0      0      0      0
    57        100  251.7    246    597        100  71.68     67    407          0      0      0      0
    58        100 257.24    245    636        100  68.53     67     85          0      0      0      0
    59        100 249.15    246    379        100  68.34     67     82          0      0      0      0
    60        100 263.44    246   1186        100  68.86     67     89          0      0      0      0
    61        100 260.28    246    640        100  76.37     67    432          0      0      0      0
    62        100 249.71    245    336        100  68.51     67    115          0      0      0      0
    63        100  254.7    245    628        100  69.21     67    163          0      0      0      0
    64        100 250.38    245    419        100  69.87     67    235          0      0      0      0
    65        100    253    246    628        100  72.64     67    440          0      0      0      0
    66        100 252.06    246    484        100  69.85     67    184          0      0      0      0
    67        100 258.96    246    607        100  68.21     67     75          0      0      0      0
    68        100 248.32    245    305        100  68.23     67     87          0      0      0      0
    69        100 259.26    245    825        100  68.23     67     77          0      0      0      0
    70        100 255.27    245    759        100  70.72     67    260          0      0      0      0
    71        100 254.42    246    631        100  69.11     67    151          0      0      0      0
    72        100 255.77    246    933        100  69.04     67    129          0      0      0      0
    73        100 256.62    245    636        100  69.34     67    153          0      0      0      0
    74        100 249.91    245    356        100  68.54     67     93          0      0      0      0
    75        100 254.78    245    622        100  71.83     67    433          0      0      0      0
    76        100 250.93    246    355        100  71.06     67    174          0      0      0      0
    77        100 251.16    245    467        100  70.12     67    280          0      0      0      0
    78        100 258.23    245    838        100  75.08     67    642          0      0      0      0
    79        100 257.16    245    629        100  75.54     67    439          0      0      0      0
    80        100    249    246    326        100  68.86     67    145          0      0      0      0
    81        100 255.24    246    626        100  73.98     67    438          0      0      0      0
    82        100 255.41    246    681        100  68.72     67     82          0      0      0      0
    83        100 257.51    245    626        100  70.13     67    272          0      0      0      0
    84        100 252.99    246    628        100  68.05     67     75          0      0      0      0
    85        100 268.99    246   1083        100  71.21     67    175          0      0      0      0
    86        100 264.95    246   1195        100  69.28     67     95          0      0      0      0
    87        100 253.52    246    628        100  69.74     67    171          0      0      0      0
    88        100  255.7    246    631        100  70.18     67    160          0      0      0      0
    89        100 261.64    245   1532        100  80.49     67   1314          0      0      0      0
    90        100 261.49    246    811        100   68.6     67     84          0      0      0      0
    91        100 254.82    245    711        100  69.29     67    163          0      0      0      0
    92        100 259.95    245    915        100  69.01     67    136          0      0      0      0
    93        100 249.98    246    480        100   68.2     67     82          0      0      0      0
    94        100 247.47    246    288        100  68.37     67    109          0      0      0      0
    95        100 256.41    246    624        100  71.96     67    435          0      0      0      0
    96        100 253.47    245    633        100  68.18     67     82          0      0      0      0
    97        100 248.09    245    310        100  68.03     67     80          0      0      0      0
    98        100 256.45    245    653        100  68.38     67     85          0      0      0      0
    99        100 248.58    245    308        100  68.43     67     83          0      0      0      0
   100        100 253.15    245    629        100  68.13     67     75          0      0      0      0
   101        100 256.07    246    894        100  68.26     67     75          0      0      0      0
   102        100 252.85    245    506        100  70.52     67    316          0      0      0      0
   103        100 248.22    246    311        100  68.14     67     83          0      0      0      0
   104        100 262.35    246    738        100  79.48     67    542          0      0      0      0
   105        100  248.5    245    369        100  67.93     67     75          0      0      0      0
   106        100 252.47    246    628        100  68.32     67     83          0      0      0      0
   107        100 259.49    245    906        100   69.2     67    169          0      0      0      0
   108        100  250.5    245    484        100  67.88     67     73          0      0      0      0
   109        100 253.22    245    621        100  68.88     67    117          0      0      0      0
   110        100 252.18    245    535        100  69.07     67    156          0      0      0      0
   111        100 247.15    245    282        100  67.86     67     75          0      0      0      0
   112        100  252.5    245    625        100  69.61     67    224          0      0      0      0
   113        100 265.09    245   1244        100  69.15     67    129          0      0      0      0
   114        100 250.02    246    457        100  68.13     67     82          0      0      0      0
   115        100 253.49    245    628        100  74.41     67    438          0      0      0      0
   116        100 265.34    246   1063        100  79.29     67    819          0      0      0      0
   117        100 256.17    246    628        100  74.09     67    441          0      0      0      0
   118        100 249.67    245    367        100  69.52     67    165          0      0      0      0
   119        100 254.57    245    623        100  74.14     67    435          0      0      0      0
   120        100 254.27    245    556        100  74.39     67    368          0      0      0      0
   121        100 258.01    245    766        100  69.64     67    220          0      0      0      0
   122        100 252.85    245    633        100  73.13     67    420          0      0      0      0
   123        100 256.24    246    626        100  74.45     67    437          0      0      0      0
   124        100 251.45    246    369        100  68.08     67     74          0      0      0      0
   125        100 254.74    246    629        100  70.67     67    307          0      0      0      0
   126        100 248.16    245    305        100  68.16     67     81          0      0      0      0
   127        100  260.2    246    885        100  68.51     67     83          0      0      0      0
   128        100 279.21    246    913        100  79.42     67    414          0      0      0      0
   129        100 249.17    246    412        100  68.03     67     77          0      0      0      0
   130        100 254.36    246    630        100  69.19     67    168          0      0      0      0
   131        100 258.66    245    730        100  70.48     67    194          0      0      0      0
   132        100 252.28    245    585        100  68.64     67    118          0      0      0      0
   133        100 255.27    245    624        100   71.9     67    435          0      0      0      0
   134        100 248.66    245    402        100  68.54     67    116          0      0      0      0
   135        100  255.8    245    543        100  72.43     67    284          0      0      0      0
   136        100  248.5    245    393        100  68.42     67    122          0      0      0      0
   137        100 253.87    245    627        100  68.18     67     73          0      0      0      0
   138        100 254.14    246    628        100   68.8     67    127          0      0      0      0
   139        100 250.41    245    522        100  67.91     67     74          0      0      0      0
   140        100 253.87    245    626        100  71.94     67    438          0      0      0      0
   141        100 255.76    245    569        100  68.83     67    116          0      0      0      0
   142        100 252.86    245    630        100  68.08     67     81          0      0      0      0
   143        100 248.38    245    346        100  67.94     67     81          0      0      0      0
   144        100 259.55    245    633        100  76.39     67    442          0      0      0      0
   145        100 248.65    245    348        100  67.96     67     81          0      0      0      0
   146        100 249.67    245    402        100  67.98     67     73          0      0      0      0
   147        100 272.58    246   1079        100  83.09     67    834          0      0      0      0
   148        100  255.2    245    628        100  68.66     67     94          0      0      0      0
   149        100 321.73    245   7479        100  68.39     67     91          0      0      0      0
   150        100 259.43    245    842        100   74.5     67    647          0      0      0      0
   151        100 248.56    246    332        100  68.04     67     81          0      0      0      0
   152        100 261.22    245    769        100  73.58     67    580          0      0      0      0
   153        100 261.19    245    670        100  73.32     67    466          0      0      0      0
   154        100  260.6    246   1078        100  68.52     67     83          0      0      0      0
   155        100 257.17    245    653        100  69.55     67    194          0      0      0      0
   156        100 250.86    245    450        100  68.48     67     92          0      0      0      0
   157        100 249.09    246    364        100  68.06     67     75          0      0      0      0
   158        100 255.68    246    632        100  68.47     67     84          0      0      0      0
   159        100  255.6    246    543        100  71.05     67    354          0      0      0      0
   160        100 249.22    246    355        100  69.04     67    149          0      0      0      0
   161        100 255.64    246    629        100  71.92     67    435          0      0      0      0
   162        100 253.38    245    793        100  68.14     67     85          0      0      0      0
   163        100 247.99    246    302        100  67.97     67     73          0      0      0      0
   164        100 254.88    245    630        100  71.92     67    443          0      0      0      0
   165        100 258.53    245    632        100  69.45     67    195          0      0      0      0
   166        100 250.83    245    424        100  68.36     67     84          0      0      0      0
   167        100 255.76    245    627        100  75.85     67    436          0      0      0      0
   168        100 248.46    245    312        100  69.06     67    128          0      0      0      0
   169        100 253.67    246    624        100  68.98     67    150          0      0      0      0
   170        100 250.86    245    467        100  68.09     67     82          0      0      0      0
   171        100 256.32    246    627        100  72.93     67    438          0      0      0      0
   172        100  249.5    245    427        100  69.81     67    244          0      0      0      0
   173        100 253.07    246    536        100  73.93     67    347          0      0      0      0
   174        100 265.97    245   1947        100  68.59     67    101          0      0      0      0
   175        100 250.28    245    448        100  70.14     67    262          0      0      0      0
   176        100 250.15    246    492        100  70.88     67    304          0      0      0      0
   177        100 255.48    246    627        100  68.09     67     74          0      0      0      0
   178        100 265.36    246    947        100  69.48     67    102          0      0      0      0
   179        100 258.92    246    871        100  72.11     67    440          0      0      0      0
   180        100 248.25    246    350        100  67.86     67     74          0      0      0      0
   181        100 349.52    246   9568        100  68.51     67    102          0      0      0      0
   182        100 254.14    246    551        100  71.17     67    342          0      0      0      0
   183        100  254.5    246    621        100  71.64     67    424          0      0      0      0
   184        100 255.68    246    628        100  71.91     67    440          0      0      0      0
   185        100 261.38    245    847        100  72.42     67    449          0      0      0      0
   186        100  261.2    246    922        100  74.58     67    600          0      0      0      0
   187        100 251.17    246    552        100  71.08     67    363          0      0      0      0
   188        100 254.67    246    642        100  70.77     67    305          0      0      0      0
   189        100 253.77    245    655        100  71.63     67    429          0      0      0      0
   190        100 256.02    246    623        100  75.01     67    435          0      0      0      0
   191        100 248.16    245    313        100  67.91     67     75          0      0      0      0
   192        100 253.19    245    621        100  68.14     67     74          0      0      0      0
   193        100 252.69    245    730        100  68.45     67     84          0      0      0      0
   194        100  252.7    246    523        100  69.63     67    197          0      0      0      0
   195        100 250.17    246    485        100  68.07     67     74          0      0      0      0
   196        100 259.15    246    631        100  70.41     67    247          0      0      0      0
   197        100 248.61    245    384        100  68.33     67     89          0      0      0      0
   198        100 247.58    245    302        100  67.84     67     73          0      0      0      0
   199        100 254.76    245    626        100  69.26     67    129          0      0      0      0
   200        100 253.38    246    630        100  68.59     67     84          0      0      0      0
   201        100 249.74    246    415        100  68.37     67     82          0      0      0      0
   202        100  260.6    245    769        100   73.5     67    574          0      0      0      0
   203        100  248.5    246    347        100  69.43     67    165          0      0      0      0
   204        100 255.18    246    625        100  74.23     67    435          0      0      0      0
   205        100 266.93    246   1528        100  68.32     67     91          0      0      0      0
   206        100    249    246    367        100  69.18     67    183          0      0      0      0
   207        100 253.02    245    782        100  68.17     67     80          0      0      0      0
   208        100 269.28    246    921        100  71.66     67    357          0      0      0      0
   209        100  253.5    245    631        100  68.25     67     79          0      0      0      0
   210        100 249.74    245    394        100  68.28     67     87          0      0      0      0
   211        100 254.04    245    627        100  68.34     67     91          0      0      0      0
   212        100 340.11    246   9295        100 158.18     67   9050          0      0      0      0
   213        100 261.29    245    772        100  77.04     67    584          0      0      0      0
   214        100 253.43    245    555        100  70.37     67    284          0      0      0      0
   215        100 248.12    246    287        100  68.45     67    107          0      0      0      0
   216        100 254.87    246    633        100  68.31     67     83          0      0      0      0
   217        100  253.4    245    635        100  68.29     67     82          0      0      0      0
   218        100 253.06    246    628        100  68.49     67     82          0      0      0      0
   219        100 264.81    246   1252        100  68.54     67     87          0      0      0      0
   220        100  251.8    245    477        100  70.37     67    290          0      0      0      0
   221        100 255.41    245    624        100  71.48     67    389          0      0      0      0
   222        100 248.55    245    358        100  69.07     67    176          0      0      0      0
   223        100 256.69    245    739        100  68.19     67     81          0      0      0      0
   224        100 292.28    245   4183        100  69.02     67    128          0      0      0      0
   225        100 248.84    246    359        100  67.96     67     77          0      0      0      0
   226        100 256.04    246    553        100  73.83     67    365          0      0      0      0
   227        100 250.95    246    421        100  69.64     67    197          0      0      0      0
   228        100 253.72    246    636        100  71.96     67    446          0      0      0      0
   229        100 251.95    246    546        100  71.41     67    321          0      0      0      0
   230        100 259.43    246    807        100  68.38     67     99          0      0      0      0
   231        100 248.99    245    439        100  68.06     67     85          0      0      0      0
   232        100 249.58    246    457        100  69.98     67    271          0      0      0      0
   233        100 259.44    245    878        100  68.52     67     92          0      0      0      0
   234        100  252.5    245    529        100  68.24     67     84          0      0      0      0
   235        100 257.89    246   1188        100     68     67     74          0      0      0      0
   236        100 259.47    245    872        100  74.29     67    636          0      0      0      0
   237        100 248.03    245    316        100  68.03     67     82          0      0      0      0
   238        100 259.03    245    632        100  76.67     67    443          0      0      0      0
   239        100 309.54    246   6153        100  70.02     67    195          0      0      0      0
   240        100 252.69    245    608        100  69.21     67    133          0      0      0      0
   241        100 336.51    245   9099        100 155.19     67   8770          0      0      0      0
   242        100  249.1    245    354        100  68.39     67     84          0      0      0      0
   243        100 256.34    246    631        100   69.9     67    210          0      0      0      0
   244        100 266.39    246   1711        100  68.52     67     81          0      0      0      0
   245        100 253.43    246    629        100  71.83     67    441          0      0      0      0
   246        100 248.32    245    319        100   67.9     67     74          0      0      0      0
   247        100 256.06    246    647        100  68.29     67     89          0      0      0      0
   248        100 248.14    246    344        100  67.89     67     74          0      0      0      0
   249        100 247.48    246    294        100  68.21     67     80          0      0      0      0
   250        100 266.25    246   1423        100  69.09     67    164          0      0      0      0
   251        100 256.36    246    630        100  71.86     67    439          0      0      0      0
   252        100 248.39    246    325        100  68.91     67    143          0      0      0      0
   253        100 333.77    246   8276        100 147.27     67   7986          0      0      0      0
   254        100 253.51    246    635        100   68.3     67     86          0      0      0      0
   255        100 252.67    246    687        100  68.18     67     83          0      0      0      0
   256        100 253.74    246    575        100  69.07     67    149          0      0      0      0
   257        100 255.67    245    622        100  73.04     67    432          0      0      0      0
   258        100 260.17    246   1021        100  73.29     67    444          0      0      0      0
   259        100  249.9    245    396        100  68.21     67     84          0      0      0      0
   260        100 252.01    245    524        100  68.64     67    122          0      0      0      0
   261        100 254.43    246    870        100  74.14     67    659          0      0      0      0
   262        100 256.03    246    623        100  68.69     67    105          0      0      0      0
   263        100 250.99    245    523        100   69.5     67    197          0      0      0      0
   264        100 257.03    245    780        100  73.58     67    546          0      0      0      0
   265        100 253.94    245    494        100  71.31     67    302          0      0      0      0
   266        100  254.6    245    636        100  68.24     67     83          0      0      0      0
   267        100 255.11    245    654        100  68.17     67     76          0      0      0      0
   268        100  258.6    245    647        100  68.58     67     82          0      0      0      0
   269        100 257.93    245    907        100  68.23     67     81          0      0      0      0
   270        100 258.81    245    834        100  68.51     67     85          0      0      0      0
   271        100 248.43    245    306        100  68.12     67     78          0      0      0      0
   272        100 253.35    245    625        100  71.77     67    436          0      0      0      0
   273        100 250.29    245    491        100  68.58     67    102          0      0      0      0
   274        100 266.85    245    829        100  85.96     67    635          0      0      0      0
   275        100 251.19    246    451        100  68.41     67     82          0      0      0      0
   276        100 255.75    246    635        100  68.87     67    151          0      0      0      0
   277        100 248.26    246    327        100  68.16     67     81          0      0      0      0
   278        100 253.38    245    628        100  68.42     67     91          0      0      0      0
   279        100 252.48    246    549        100  69.47     67    176          0      0      0      0
   280        100 252.82    245    627        100  69.35     67    161          0      0      0      0
   281        100 258.22    246    777        100  73.52     67    571          0      0      0      0
   282        100 256.69    246    641        100  71.84     67    443          0      0      0      0
   283        100    252    245    632        100   68.2     67     81          0      0      0      0
   284        100 263.62    245   1414        100  71.97     67    440          0      0      0      0
   285        100  252.5    246    515        100  70.89     67    323          0      0      0      0
   286        100 248.37    245    340        100  68.93     67    158          0      0      0      0
   287        100 257.42    246    634        100  74.69     67    389          0      0      0      0
   288        100 253.41    245    629        100  68.59     67     87          0      0      0      0
   289        100 253.15    245    628        100  68.06     67     75          0      0      0      0
   290        100 256.83    246    857        100  68.11     67     77          0      0      0      0
   291        100 253.85    246    624        100  68.25     67     81          0      0      0      0
   292        100 252.67    246    709        100     69     67    154          0      0      0      0
   293        100 263.24    246    796        100   75.7     67    493          0      0      0      0
   294        100 250.11    245    490        100  67.94     67     81          0      0      0      0
   295        100 253.09    245    632        100  73.78     67    443          0      0      0      0
   296        100 263.71    245   1133        100  77.12     67    940          0      0      0      0
   297        100 254.18    245    628        100     74     67    438          0      0      0      0
   298        100 249.23    245    378        100  67.99     67     74          0      0      0      0
   299        100 280.89    245   2371        100  69.27     67    119          0      0      0      0
   300        100 258.17    245   1030        100  69.46     67    168          0      0      0      0
   301        100 250.48    246    516        100  68.29     67     82          0      0      0      0
   302        100 258.14    246    666        100  70.12     67    201          0      0      0      0
   303        100 253.76    246    648        100  71.94     67    444          0      0      0      0
   304        100 248.36    246    323        100  67.98     67     74          0      0      0      0
   305        100 355.34    246  10411        100 169.31     67  10048          0      0      0      0
   306        100 248.43    246    320        100  68.06     67     76          0      0      0      0
   307        100 267.84    246   1758        100  68.34     67     82          0      0      0      0
   308        100 254.73    246    633        100  72.23     67    443          0      0      0      0
   309        100 248.18    246    315        100  67.94     67     74          0      0      0      0
   310        100 353.63    246  10659        100  69.39     67    147          0      0      0      0
   311        100 262.58    246    697        100  72.58     67    447          0      0      0      0
   312        100 265.42    246    856        100  73.47     67    445          0      0      0      0
   313        100  250.5    246    506        100  68.35     67     80          0      0      0      0
   314        100 257.37    245    750        100  68.32     67     84          0      0      0      0
   315        100 299.72    246   5019        100  68.54     67     89          0      0      0      0
   316        100 253.11    246    605        100  69.13     67    172          0      0      0      0
   317        100 251.85    246    559        100  68.75     67     93          0      0      0      0
   318        100 260.36    246    729        100  68.91     67     91          0      0      0      0
   319        100 253.06    245    629        100  72.42     67    440          0      0      0      0
   320        100 250.47    246    353        100  69.48     67    152          0      0      0      0
   321        100 256.31    245    628        100   68.8     67    143          0      0      0      0
   322        100 249.28    245    417        100  68.12     67     81          0      0      0      0
   323        100 255.39    246    555        100  71.09     67    364          0      0      0      0
   324        100 251.89    246    599        100   69.2     67    127          0      0      0      0
   325        100 255.04    246    630        100  71.07     67    352          0      0      0      0
   326        100  252.2    245    622        100  71.57     67    430          0      0      0      0
   327        100 257.12    246    670        100  72.45     67    471          0      0      0      0
   328        100 252.84    245    610        100  69.51     67    192          0      0      0      0
   329        100 258.14    246    631        100  71.38     67    331          0      0      0      0
   330        100 262.52    245   1346        100  78.44     67   1085          0      0      0      0
   331        100 258.72    246    700        100  71.91     67    435          0      0      0      0
   332        100 252.54    246    674        100  69.01     67    140          0      0      0      0
   333        100 255.62    246    626        100  71.88     67    439          0      0      0      0
   334        100 249.36    246    368        100  68.04     67     74          0      0      0      0
   335        100 268.44    246    924        100  73.51     67    553          0      0      0      0
   336        100 252.59    246    504        100  69.29     67    178          0      0      0      0
   337        100 251.05    246    548        100  67.92     67     74          0      0      0      0
   338        100 267.59    246    863        100  72.98     67    332          0      0      0      0
   339        100 249.31    245    362        100  68.34     67     87          0      0      0      0
   340        100 252.63    246    627        100  69.72     67    180          0      0      0      0
   341        100  253.6    245    571        100  67.93     67     74          0      0      0      0
   342        100 253.45    245    636        100  68.05     67     74          0      0      0      0
   343        100 249.35    245    349        100  68.29     67     85          0      0      0      0
   344        100 336.06    245   8858        100  69.82     67    186          0      0      0      0
   345        100 254.93    246    899        100   68.1     67     78          0      0      0      0
   346        100 253.33    246    631        100  72.73     67    442          0      0      0      0
   347        100 304.12    246   4965        100   69.1     67     88          0      0      0      0
   348        100 251.27    245    432        100  68.55     67     86          0      0      0      0
   349        100 323.96    246   7803        100  68.29     67    100          0      0      0      0
   350        100 249.06    246    365        100   68.9     67    157          0      0      0      0
   351        100 248.49    246    309        100  68.34     67     80          0      0      0      0
   352        100 444.15    246  18731        100  72.75     68    443          0      0      0      0
   353        100  249.2    246    379        100  68.04     67     76          0      0      0      0
   354        100 253.02    246    633        100  68.76     67    122          0      0      0      0
   355        100 366.45    246  10378        100  68.98     67    117          0      0      0      0
   356        100 254.64    246    633        100  69.03     67    157          0      0      0      0
   357        100 326.87    246   7551        100  141.3     67   7327          0      0      0      0
   358        100 264.24    246   1025        100  74.26     67    438          0      0      0      0
   359        100 257.79    246    626        100  68.74     67    121          0      0      0      0
   360        100 459.61    246  21121        100  69.27     67    140          0      0      0      0
   361        100  253.4    245    635        100  68.16     67     75          0      0      0      0
   362        100 374.32    245  12859        100  68.22     67    101          0      0      0      0
   363        100 249.55    246    358        100  68.29     67     82          0      0      0      0
   364        100 253.63    246    627        100  68.27     67     77          0      0      0      0
   365        100  314.5    245   6673        100  68.26     67     85          0      0      0      0
   366        100  248.9    246    399        100  69.34     67    210          0      0      0      0
   367        100  396.1    245  15052        100  68.83     67    107          0      0      0      0
   368        100 254.41    246    539        100  71.69     67    307          0      0      0      0
   369        100  254.3    245    631        100  70.16     67    273          0      0      0      0
   370        100 366.96    245  11392        100   71.1     67    319          0      0      0      0
   371        100 252.96    245    735        100  68.74     67    153          0      0      0      0
   372        100 414.31    245  16890        100 232.87     67  16476          0      0      0      0
   373        100 250.14    245    460        100  69.97     67    278          0      0      0      0
   374        100 260.38    246    945        100  68.77     67     81          0      0      0      0
   375        100 333.94    246   8065        100 145.83     67   7789          0      0      0      0
   376        100 249.89    245    481        100  67.93     67     75          0      0      0      0
   377        100 359.76    245  11298        100  69.92     67    152          0      0      0      0
   378        100 252.19    245    525        100  70.67     67    340          0      0      0      0
   379        100 253.46    246    522        100  72.75     67    332          0      0      0      0
   380        100 376.77    246  12401        100  70.18     67    212          0      0      0      0
   381        100 249.94    245    495        100  70.72     67    309          0      0      0      0
   382        100 342.44    246   8154        100  73.57     67    377          0      0      0      0
   383        100 248.83    246    326        100   68.9     67    118          0      0      0      0
   384        100 257.61    246    631        100  73.09     67    431          0      0      0      0
   385        100 444.84    246  19171        100 260.27     67  18876          0      0      0      0
   386        100 251.86    245    465        100  68.13     67     75          0      0      0      0
   387        100 353.47    246  10132        100 167.76     67   9860          0      0      0      0
   388        100 249.93    246    479        100  70.46     67    292          0      0      0      0
   389        100 266.73    246   1660        100  81.85     67   1389          0      0      0      0
   390        100 321.74    246   7219        100  70.18     67    206          0      0      0      0
   391        100  249.3    246    356        100  68.25     67     86          0      0      0      0
   392        100 385.84    245  13324        100   68.8     67    111          0      0      0      0
   393        100 248.82    246    352        100  69.08     67    169          0      0      0      0
   394        100 255.44    246    626        100  69.25     67    154          0      0      0      0
   395        100 348.64    245   9616        100  72.11     67    442          0      0      0      0
   396        100 247.72    246    279        100  68.01     67     75          0      0      0      0
   397        100 319.86    246   7493        100  68.42     67     80          0      0      0      0
   398        100 255.87    245    726        100  69.11     67    149          0      0      0      0
   399        100 250.17    246    395        100  68.37     67     84          0      0      0      0
   400        100 357.85    246   9819        100  77.93     67    636          0      0      0      0
   401        100 250.78    246    418        100   68.4     67     87          0      0      0      0
   402        100 253.74    245    625        100  68.38     67     82          0      0      0      0
   403        100 544.27    245  29240        100  72.48     67    445          0      0      0      0
   404        100 252.02    245    522        100  72.34     67    337          0      0      0      0
   405        100 322.98    245   7341        100 143.09     67   7103          0      0      0      0
   406        100 249.48    246    389        100  68.96     67    162          0      0      0      0
   407        100 253.44    245    635        100  68.17     67     82          0      0      0      0
   408        100 365.31    245  11482        100  73.08     67    313          0      0      0      0
   409        100 248.68    246    343        100   68.5     67    119          0      0      0      0
   410        100 399.19    246  14430        100  68.29     67     79          0      0      0      0
   411        100 251.64    246    382        100  69.56     67    173          0      0      0      0
   412        100 249.76    246    442        100  68.18     67     79          0      0      0      0
   413        100 322.41    246   7174        100   70.1     67    223          0      0      0      0
   414        100  248.8    246    360        100   68.1     67     83          0      0      0      0
   415        100 261.46    246    647        100  68.85     67    108          0      0      0      0
   416        100 362.21    246  11170        100  71.15     67    181          0      0      0      0
   417        100 259.27    246    626        100  69.92     67     95          0      0      0      0
   418        100 460.49    246  20889        100 275.14     67  20641          0      0      0      0
   419        100 249.02    245    366        100  68.57     67    118          0      0      0      0
   420        100 259.52    245    635        100  70.09     67    161          0      0      0      0
   421        100 376.07    246  12317        100 188.15     67  12044          0      0      0      0
   422        100 248.75    245    350        100  68.58     67    122          0      0      0      0
   423        100 321.27    246   6999        100  73.28     67    439          0      0      0      0
   424        100 254.46    246    883        100  68.41     67     87          0      0      0      0
   425        100 256.44    246    628        100  71.01     67    278          0      0      0      0
   426        100 354.34    245  10231        100 170.19     67   9950          0      0      0      0
   427        100 249.05    246    299        100  69.02     67    119          0      0      0      0
   428        100 256.27    246   1156        100  67.97     67     74          0      0      0      0
   429        100 354.14    246  10204        100  68.34     67     81          0      0      0      0
   430        100 253.67    246    630        100  72.08     67    441          0      0      0      0
   431        100 329.63    245   7351        100  71.09     67    278          0      0      0      0
   432        100 253.08    246    631        100  68.68     67    134          0      0      0      0
   433        100 248.87    246    365        100  68.68     67    121          0      0      0      0
   434        100 365.82    246  11187        100  69.55     67    160          0      0      0      0
   435        100 255.51    246    636        100  71.58     67    393          0      0      0      0
   436        100 359.95    245  10986        100 176.95     67  10702          0      0      0      0
   437        100 258.19    246    931        100  74.88     67    716          0      0      0      0
   438        100 249.37    246    383        100  68.27     67     82          0      0      0      0
   439        100 359.53    246  10640        100     69     67    101          0      0      0      0
   440        100 256.38    245    626        100  72.35     67    436          0      0      0      0
   441        100 319.14    245   6720        100  68.48     67    105          0      0      0      0
   442        100 259.44    246    802        100  73.69     67    603          0      0      0      0
   443        100 249.51    246    304        100  68.48     67     89          0      0      0      0
   444        100 368.76    246  11882        100 184.47     67  11602          0      0      0      0
   445        100 252.44    246    418        100  68.88     67    117          0      0      0      0
   446        100 350.77    246  10023        100  68.72     67     97          0      0      0      0
   447        100 256.87    245    649        100  72.29     67    456          0      0      0      0
   448        100 250.69    246    465        100  68.44     67     82          0      0      0      0
   449        100 351.29    246  10122        100 168.98     67   9858          0      0      0      0
   450        100 253.58    245    631        100  69.23     67    175          0      0      0      0
   451        100 329.41    246   7843        100     69     67     89          0      0      0      0
   452        100 256.66    246    629        100  72.25     67    440          0      0      0      0
   453        100 248.57    246    320        100  68.71     67    138          0      0      0      0
   454        100 519.52    245  26468        100  76.03     67    437          0      0      0      0
   455        100 253.32    245    653        100   69.1     67    154          0      0      0      0
   456        100 255.53    246    630        100  72.12     67    441          0      0      0      0
   457        100 677.98    245  43160        100 496.62     67  42876          0      0      0      0
   458        100 253.31    246    645        100  72.09     67    349          0      0      0      0
   459        100 248.19    245    297        100  68.74     67    117          0      0      0      0
   460        100 369.45    246  10442        100  79.72     67   1179          0      0      0      0
   461        100 250.53    246    430        100   68.1     67     76          0      0      0      0
   462        100 353.51    246  10512        100  70.48     67    161          0      0      0      0
   463        100 260.04    246   1049        100   76.2     67    828          0      0      0      0
   464        100 254.45    245    629        100  69.61     67    199          0      0      0      0
   465        100  253.8    245    723        100  72.69     67    525          0      0      0      0
   466        100 254.57    246    621        100  71.98     67    431          0      0      0      0
   467        100 266.37    245   1619        100  72.06     67    441          0      0      0      0
   468        100 255.87    246    636        100   69.4     67    120          0      0      0      0
   469        100 252.99    246    504        100  68.49     67     83          0      0      0      0
   470        100 254.91    246    883        100   74.3     67    680          0      0      0      0
   471        100 269.47    246    920        100  74.82     67    605          0      0      0      0
   472        100 249.54    246    351        100  68.63     67     91          0      0      0      0
   473        100 263.56    245    915        100  77.38     67    449          0      0      0      0
   474        100 249.67    245    370        100  68.12     67     81          0      0      0      0
   475        100 250.99    246    514        100  70.71     67    329          0      0      0      0
   476        100 258.31    246    858        100  68.34     67     82          0      0      0      0
   477        100 254.49    245    633        100  70.21     67    170          0      0      0      0
   478        100 252.56    245    721        100  72.94     67    533          0      0      0      0
   479        100 344.88    246   9521        100  71.07     67    289          0      0      0      0
   480        100 248.54    246    320        100  68.15     67     83          0      0      0      0
   481        100 637.98    246  28808        100  70.33     67    117          0      0      0      0
   482        100 249.62    246    344        100  68.27     67     82          0      0      0      0
   483        100 256.22    246    627        100  70.99     67    357          0      0      0      0
   484        100 422.03    245  16900        100  71.88     67    440          0      0      0      0
   485        100 249.42    245    397        100  68.26     67     91          0      0      0      0
   486        100 253.59    245    629        100  72.07     67    441          0      0      0      0
   487        100 418.33    246  12030        100 192.15     67  11776          0      0      0      0
   488        100 256.37    245    627        100  72.22     67    439          0      0      0      0
   489        100 640.92    245  37392        100  82.97     67   1041          0      0      0      0
   490        100 255.42    246    625        100   72.2     67    436          0      0      0      0
   491        100 312.59    246   6495        100  68.17     67     84          0      0      0      0
   492        100 255.62    246    658        100  69.65     67    158          0      0      0      0
   493        100 261.09    245    602        100  69.88     67    115          0      0      0      0
