# PING PONG measurements (in us)
# Executed at: 12309.794152
#           Roundtrip time [us]             Write-access time [us]          Read-access time [us]
# Block     Count   mean    min    max      Count   mean    min    max      Count   mean    min    max
     1        100 236.45    212    660        100  30.56     22    385          0      0      0      0
     3        100 257.09    217   3013        100  64.98     34     78          0      0      0      0
     4        100 226.29    221    262        100  66.57     65     99          0      0      0      0
     5        100 232.69    221   1013        100   65.6     65     77          0      0      0      0
     6        100 227.66    221    448        100  68.43     65    285          0      0      0      0
     7        100 228.54    222    539        100  66.48     65     81          0      0      0      0
     8        100 239.49    221   1626        100  76.31     65   1044          0      0      0      0
     9        100 226.95    222    420        100  66.21     65     82          0      0      0      0
    10        100  229.6    222    703        100  71.48     65    531          0      0      0      0
    11        100 224.95    222    289        100  66.28     65     84          0      0      0      0
    12        100 513.84    222  28906        100  66.96     65    137          0      0      0      0
    13        100 239.72    222    958        100  70.34     65    488          0      0      0      0
    14        100 231.59    222    631        100  71.41     65    456          0      0      0      0
    15        100  229.3    222    555        100  65.91     65     75          0      0      0      0
    16        100 227.42    222    318        100  68.01     65    158          0      0      0      0
    17        100 226.39    222    288        100   66.4     65    120          0      0      0      0
    18        100 228.67    222    505        100  68.44     65    329          0      0      0      0
    19        100 225.54    222    285        100  66.07     65     80          0      0      0      0
    20        100 227.13    222    474        100  68.46     65    261          0      0      0      0
    21        100 260.96    222   3277        100  66.17     65     79          0      0      0      0
    22        100  231.2    222    400        100   69.8     65    236          0      0      0      0
    23        100 227.26    221    432        100  65.87     65     80          0      0      0      0
    24        100 228.16    222    374        100  68.01     65    213          0      0      0      0
    25        100 226.34    222    367        100  65.88     65     89          0      0      0      0
    26        100 227.07    222    401        100   65.7     65     77          0      0      0      0
    27        100 225.37    222    258        100  66.28     65    100          0      0      0      0
    28        100 234.31    222    690        100  67.61     65    215          0      0      0      0
    29        100 227.97    221    340        100  66.39     65     87          0      0      0      0
    30        100 244.22    221   1994        100  65.95     65     79          0      0      0      0
    31        100 233.87    221    598        100  69.67     65    432          0      0      0      0
    32        100  226.5    222    318        100  66.16     65     96          0      0      0      0
    33        100 227.96    221    460        100  66.17     65     76          0      0      0      0
    34        100 233.45    222    588        100   66.3     65     84          0      0      0      0
    35        100 225.79    222    306        100  66.55     65    135          0      0      0      0
    36        100 224.97    221    286        100  66.22     65     76          0      0      0      0
    37        100 231.55    222    675        100  66.53     65     95          0      0      0      0
    38        100 225.89    222    299        100  66.33     65    139          0      0      0      0
    39        100 225.83    221    302        100  66.17     65     77          0      0      0      0
    40        100 229.72    222    566        100   65.9     65     76          0      0      0      0
    41        100 228.05    222    483        100  66.67     65    123          0      0      0      0
    42        100 225.86    221    375        100  67.74     65    212          0      0      0      0
    43        100 225.36    221    294        100  66.43     65    132          0      0      0      0
    44        100 289.28    222   6490        100  66.94     65    159          0      0      0      0
    45        100 226.18    222    274        100  66.36     65     99          0      0      0      0
    46        100 224.48    222    267        100  66.33     65    109          0      0      0      0
    47        100 239.81    222    764        100  66.72     65    104          0      0      0      0
    48        100 230.59    222    578        100  66.07     65     77          0      0      0      0
    49        100 231.73    222    504        100  66.41     65     87          0      0      0      0
    50        100 225.85    221    299        100  65.93     65     76          0      0      0      0
    51        100 226.64    222    285        100   66.8     65    126          0      0      0      0
    52        100 226.66    222    364        100  67.33     65    203          0      0      0      0
    53        100 228.38    222    577        100   69.4     65    411          0      0      0      0
    54        100 228.27    222    415        100  67.76     65    252          0      0      0      0
    55        100 252.13    222   2657        100  68.31     65    282          0      0      0      0
    56        100 232.52    221    763        100   66.7     65    119          0      0      0      0
    57        100 226.09    222    326        100  66.74     65    156          0      0      0      0
    58        100 228.36    222    449        100   66.4     65    101          0      0      0      0
    59        100 229.55    222    632        100  66.98     65    185          0      0      0      0
    60        100 226.19    221    283        100  66.36     65    120          0      0      0      0
    61        100 226.66    222    412        100  67.91     65    249          0      0      0      0
    62        100 231.53    222    773        100  66.89     65    133          0      0      0      0
    63        100 230.86    222    510        100   66.5     65     85          0      0      0      0
    64        100 230.66    222    849        100  72.01     65    678          0      0      0      0
    65        100 225.49    221    260        100  65.89     65     75          0      0      0      0
    66        100  228.8    221    674        100  70.27     65    501          0      0      0      0
    67        100 233.28    222    598        100  66.94     65     98          0      0      0      0
    68        100 231.58    221    540        100  69.17     65    376          0      0      0      0
    69        100 224.38    221    279        100   65.6     65     75          0      0      0      0
    70        100 228.26    221    578        100  65.97     65     76          0      0      0      0
    71        100  225.9    222    285        100   66.4     65     94          0      0      0      0
    72        100 225.85    221    294        100  66.77     65    135          0      0      0      0
    73        100 229.89    222    706        100  66.86     65    121          0      0      0      0
    74        100 227.13    222    422        100  66.14     65     75          0      0      0      0
    75        100 228.83    222    446        100  67.06     65    211          0      0      0      0
    76        100 228.48    221    509        100  69.83     65    341          0      0      0      0
    77        100 229.49    222    667        100  66.26     65     78          0      0      0      0
    78        100 225.58    222    298        100  65.64     65     76          0      0      0      0
    79        100 231.99    221    818        100  65.73     65     77          0      0      0      0
    80        100 226.15    222    298        100  66.07     65     85          0      0      0      0
    81        100 233.26    221    689        100  66.28     65     77          0      0      0      0
    82        100 240.41    221    868        100  72.71     65    685          0      0      0      0
    83        100 225.79    222    310        100  65.98     65     81          0      0      0      0
    84        100 227.57    221    370        100  67.54     65    210          0      0      0      0
    85        100 229.69    221    597        100  69.86     65    431          0      0      0      0
    86        100 234.17    221   1106        100  66.04     65     77          0      0      0      0
    87        100    227    221    377        100  66.58     65    127          0      0      0      0
    88        100  227.4    221    311        100   67.4     65    132          0      0      0      0
    89        100 232.94    222    550        100  67.86     65    282          0      0      0      0
    90        100  228.8    222    382        100  66.75     65    130          0      0      0      0
    91        100 226.01    221    342        100  66.13     65     83          0      0      0      0
    92        100 229.79    221    649        100  65.91     65     79          0      0      0      0
    93        100 228.73    222    509        100  66.18     65     78          0      0      0      0
    94        100 225.59    222    274        100  66.51     65    115          0      0      0      0
    95        100 228.11    222    482        100  66.01     65     76          0      0      0      0
    96        100 233.36    222    650        100  67.46     65    132          0      0      0      0
    97        100 226.63    222    317        100   65.8     65     76          0      0      0      0
    98        100 231.96    222    687        100  66.37     65     80          0      0      0      0
    99        100 225.62    222    288        100  66.24     65    116          0      0      0      0
   100        100  227.2    222    359        100  66.29     65    115          0      0      0      0
   101        100 225.31    222    283        100  65.82     65     78          0      0      0      0
   102        100 231.27    222    518        100  65.93     65     76          0      0      0      0
   103        100 232.35    221    603        100  69.93     65    436          0      0      0      0
   104        100 225.81    222    296        100  65.44     65     74          0      0      0      0
   105        100 228.11    222    508        100  65.98     65     77          0      0      0      0
   106        100 225.62    221    316        100   66.6     65    115          0      0      0      0
   107        100 225.27    221    289        100  66.18     65    123          0      0      0      0
   108        100  226.4    222    399        100  66.11     65     79          0      0      0      0
   109        100 230.52    222    433        100   68.7     65    269          0      0      0      0
   110        100 227.44    221    413        100  65.91     65     77          0      0      0      0
   111        100 226.56    222    370        100  66.03     65     76          0      0      0      0
   112        100 225.38    221    291        100  66.01     65     76          0      0      0      0
   113        100 226.09    222    310        100   66.1     65     76          0      0      0      0
   114        100 226.15    222    310        100   66.3     65    104          0      0      0      0
   115        100 237.09    222   1016        100  65.95     65     79          0      0      0      0
   116        100 235.74    222    571        100  68.97     65    179          0      0      0      0
   117        100 227.86    221    459        100  66.12     65     83          0      0      0      0
   118        100 229.78    221    632        100  66.03     65     78          0      0      0      0
   119        100  227.4    222    349        100  66.29     65     79          0      0      0      0
   120        100 225.89    221    308        100  66.25     65    119          0      0      0      0
   121        100 228.92    221    552        100  65.78     65     82          0      0      0      0
   122        100 230.24    221    599        100  66.28     65     78          0      0      0      0
   123        100 227.03    221    442        100  66.58     65    104          0      0      0      0
   124        100 233.01    222    547        100  68.25     65    265          0      0      0      0
   125        100 232.76    222    759        100  66.32     65     82          0      0      0      0
   126        100 226.51    221    314        100   67.1     65    130          0      0      0      0
   127        100 227.37    222    443        100  65.96     65     77          0      0      0      0
   128        100  226.7    221    376        100  65.76     65     75          0      0      0      0
   129        100 225.52    222    286        100  66.57     65    126          0      0      0      0
   130        100    232    222    726        100  66.86     65    145          0      0      0      0
   131        100 231.24    222    753        100  65.96     65     78          0      0      0      0
   132        100 230.47    222    700        100  66.75     65    129          0      0      0      0
   133        100 226.42    222    367        100  67.25     65    206          0      0      0      0
   134        100 226.93    222    360        100  65.75     65     76          0      0      0      0
   135        100 228.23    221    400        100  65.83     65     83          0      0      0      0
   136        100 224.87    221    313        100  65.65     65     78          0      0      0      0
   137        100 232.64    221    579        100  66.02     65     89          0      0      0      0
   138        100 227.12    221    422        100  66.08     65     76          0      0      0      0
   139        100 226.55    222    292        100  66.29     65     88          0      0      0      0
   140        100 263.38    221   2046        100  72.19     65    247          0      0      0      0
   141        100 226.13    221    339        100  66.87     65    159          0      0      0      0
   142        100  225.4    222    258        100  65.89     65     75          0      0      0      0
   143        100  230.1    222    627        100   66.1     65     83          0      0      0      0
   144        100 232.79    222    684        100  66.08     65     79          0      0      0      0
   145        100 228.75    221    664        100  65.77     65     83          0      0      0      0
   146        100 226.14    221    372        100  66.05     65     76          0      0      0      0
   147        100 228.28    221    529        100  65.99     65     78          0      0      0      0
   148        100 226.11    222    289        100  66.69     65    114          0      0      0      0
   149        100 229.94    221    707        100  65.56     65     76          0      0      0      0
   150        100 238.14    222    685        100  69.03     65    186          0      0      0      0
   151        100 227.46    222    428        100  66.87     65    169          0      0      0      0
   152        100 226.59    222    282        100  65.98     65     76          0      0      0      0
   153        100 225.29    221    286        100  66.54     65    127          0      0      0      0
   154        100 226.43    221    379        100  65.92     65     85          0      0      0      0
   155        100 228.75    221    415        100  67.23     65    221          0      0      0      0
   156        100 226.51    222    296        100  66.31     65    116          0      0      0      0
   157        100 244.18    222    883        100  75.95     65    691          0      0      0      0
   158        100 237.94    221    934        100  78.89     65    756          0      0      0      0
   159        100 227.85    222    387        100  65.58     65     76          0      0      0      0
   160        100 227.83    221    439        100  65.84     65     80          0      0      0      0
   161        100 227.22    221    269        100  66.42     65     80          0      0      0      0
   162        100 226.82    221    338        100   66.4     65     76          0      0      0      0
   163        100 224.85    221    250        100  66.03     65     76          0      0      0      0
   164        100 314.12    222   8148        100  69.65     65    408          0      0      0      0
   165        100 227.81    222    469        100  66.05     65     95          0      0      0      0
   166        100 230.67    222    700        100  65.85     65     76          0      0      0      0
   167        100 228.32    222    550        100  66.07     65     78          0      0      0      0
   168        100 225.37    222    297        100  65.78     65     76          0      0      0      0
   169        100 227.32    221    359        100  66.38     65     89          0      0      0      0
   170        100 227.54    221    432        100  66.71     65    132          0      0      0      0
   171        100 230.12    221    524        100  69.11     65    362          0      0      0      0
   172        100 227.68    221    578        100  66.12     65     76          0      0      0      0
   173        100 228.23    222    487        100  65.91     65     78          0      0      0      0
   174        100 226.31    222    295        100  66.13     65     75          0      0      0      0
   175        100  226.5    221    310        100  66.47     65    150          0      0      0      0
   176        100    233    221    597        100  69.62     65    430          0      0      0      0
   177        100 227.69    221    417        100  67.31     65    149          0      0      0      0
   178        100 228.53    221    449        100  67.85     65    179          0      0      0      0
   179        100 225.74    221    392        100  65.91     65     82          0      0      0      0
   180        100 226.37    221    362        100  66.06     65    113          0      0      0      0
   181        100 226.13    221    357        100  67.15     65    196          0      0      0      0
   182        100 225.69    221    258        100  66.25     65     78          0      0      0      0
   183        100 231.99    221    687        100  66.02     65     75          0      0      0      0
   184        100 232.57    221    573        100  66.91     65    149          0      0      0      0
   185        100 230.85    221    598        100   69.4     65    424          0      0      0      0
   186        100 228.63    221    509        100  66.82     65     89          0      0      0      0
   187        100 226.32    222    305        100  65.73     65     82          0      0      0      0
   188        100 226.53    221    314        100  65.99     65     79          0      0      0      0
   189        100 228.86    222    545        100  65.87     65     83          0      0      0      0
   190        100 228.64    222    456        100  65.95     65     80          0      0      0      0
   191        100 229.76    222    515        100  66.73     65    131          0      0      0      0
   192        100 246.63    221   2039        100  68.88     65    302          0      0      0      0
   193        100 234.21    221    763        100  66.54     65     95          0      0      0      0
   194        100  229.4    221    522        100  66.62     65    159          0      0      0      0
   195        100 226.92    221    330        100  66.64     65    158          0      0      0      0
   196        100 230.06    221    674        100  65.96     65     77          0      0      0      0
   197        100 226.79    221    284        100  66.79     65     97          0      0      0      0
   198        100 232.04    222    699        100  71.63     65    524          0      0      0      0
   199        100 241.21    222   1682        100  66.25     65    108          0      0      0      0
   200        100 231.86    221    671        100  66.23     65     96          0      0      0      0
   201        100 226.45    222    278        100  66.11     65     88          0      0      0      0
   202        100 319.45    222   9535        100 158.34     65   9318          0      0      0      0
   203        100 228.78    222    404        100  66.13     65     95          0      0      0      0
   204        100 226.46    221    368        100  66.43     65    110          0      0      0      0
   205        100 231.87    221    586        100  69.96     65    415          0      0      0      0
   206        100 228.62    222    427        100     68     65    250          0      0      0      0
   207        100  227.3    222    451        100  65.84     65     77          0      0      0      0
   208        100 228.25    222    435        100  66.42     65    126          0      0      0      0
   209        100 225.66    222    291        100  66.08     65     77          0      0      0      0
   210        100 226.19    222    291        100  66.16     65     79          0      0      0      0
   211        100 228.65    221    538        100  66.37     65    140          0      0      0      0
   212        100 234.42    222    612        100  68.64     65    252          0      0      0      0
   213        100 231.55    222    637        100  66.32     65     96          0      0      0      0
   214        100 224.55    222    283        100  66.39     65    124          0      0      0      0
   215        100 227.91    222    365        100  68.05     65    191          0      0      0      0
   216        100 227.82    222    377        100  66.93     65    217          0      0      0      0
   217        100 230.95    221    686        100  70.53     65    522          0      0      0      0
   218        100 240.09    221    803        100  65.79     65     76          0      0      0      0
   219        100 227.46    221    347        100  67.35     65    187          0      0      0      0
   220        100 227.77    221    383        100  67.53     65    222          0      0      0      0
   221        100 231.76    222    734        100  66.78     65    150          0      0      0      0
   222        100 226.07    222    306        100  66.26     65     99          0      0      0      0
   223        100 227.24    222    367        100  67.43     65    115          0      0      0      0
   224        100 228.91    221    508        100  68.73     65    336          0      0      0      0
   225        100 229.56    222    468        100  66.18     65    103          0      0      0      0
   226        100 239.45    221   1004        100  66.89     65    179          0      0      0      0
   227        100 232.69    222    639        100  66.43     65     91          0      0      0      0
   228        100 226.59    222    294        100  66.27     65     94          0      0      0      0
   229        100 227.34    222    300        100  67.09     65    126          0      0      0      0
   230        100 230.05    222    591        100  66.63     65    146          0      0      0      0
   231        100  228.7    221    463        100  65.88     65     82          0      0      0      0
   232        100 232.34    222    720        100  66.61     65     96          0      0      0      0
   233        100  323.1    222   9475        100 161.74     65   9258          0      0      0      0
   234        100 233.06    222    857        100  72.73     65    687          0      0      0      0
   235        100 227.43    221    435        100   66.5     65    131          0      0      0      0
   236        100  225.8    221    284        100  66.46     65    124          0      0      0      0
   237        100 228.08    222    461        100  68.13     65    261          0      0      0      0
   238        100 225.74    222    339        100  65.84     65     74          0      0      0      0
   239        100 235.88    221   1218        100  74.98     65   1005          0      0      0      0
   240        100 226.69    221    427        100  66.66     65    113          0      0      0      0
   241        100 228.42    221    464        100  65.91     65     77          0      0      0      0
   242        100 227.89    222    459        100  65.93     65     78          0      0      0      0
   243        100 225.85    222    361        100  67.35     65    200          0      0      0      0
   244        100 226.43    222    423        100  67.48     65    250          0      0      0      0
   245        100 229.24    222    459        100  66.56     65    116          0      0      0      0
   246        100 233.15    222   1026        100  65.81     65     76          0      0      0      0
   247        100 226.06    222    337        100  65.66     65     76          0      0      0      0
   248        100 231.47    222    593        100  69.41     65    430          0      0      0      0
   249        100 230.17    222    466        100  68.08     65    262          0      0      0      0
   250        100 224.99    222    280        100  66.13     65     80          0      0      0      0
   251        100  230.7    222    781        100  66.38     65    130          0      0      0      0
   252        100 237.66    222    657        100  71.99     65    472          0      0      0      0
   253        100 229.18    222    605        100  65.84     65     78          0      0      0      0
   254        100 226.37    222    281        100  66.75     65    115          0      0      0      0
   255        100 228.12    222    456        100  67.96     65    283          0      0      0      0
   256        100 227.63    222    421        100  66.01     65     78          0      0      0      0
   257        100 227.23    222    434        100  66.01     65     90          0      0      0      0
   258        100 226.02    222    278        100  66.17     65     91          0      0      0      0
   259        100 236.76    221   1171        100  66.48     65    107          0      0      0      0
   260        100 232.88    222    912        100  66.15     65     89          0      0      0      0
   261        100 231.66    222    780        100  66.41     65     79          0      0      0      0
   262        100 230.53    221    522        100  66.37     65    100          0      0      0      0
   263        100 226.14    221    376        100  65.54     65     76          0      0      0      0
   264        100 226.17    221    297        100  66.77     65    129          0      0      0      0
   265        100 224.83    221    272        100  65.69     65     75          0      0      0      0
   266        100 319.04    222   8907        100 152.16     65   8288          0      0      0      0
   267        100 226.27    222    320        100  66.87     65    131          0      0      0      0
   268        100 232.98    222    710        100  66.05     65     76          0      0      0      0
   269        100 227.02    221    406        100  68.39     65    243          0      0      0      0
   270        100 224.69    221    293        100  65.53     65     75          0      0      0      0
   271        100 227.67    221    361        100  66.36     65    101          0      0      0      0
   272        100 322.42    222   8535        100  76.24     65   1012          0      0      0      0
   273        100 226.08    222    308        100  65.87     65     76          0      0      0      0
   274        100 229.93    221    653        100  70.17     65    474          0      0      0      0
   275        100 226.84    222    458        100  65.85     65     75          0      0      0      0
   276        100  225.6    222    338        100  66.01     65     76          0      0      0      0
   277        100 226.71    222    398        100  65.96     65     77          0      0      0      0
   278        100 229.86    222    724        100  70.86     65    532          0      0      0      0
   279        100 230.39    221    484        100   68.4     65    322          0      0      0      0
   280        100 229.54    221    630        100  65.62     65     75          0      0      0      0
   281        100 226.93    221    446        100  65.84     65     78          0      0      0      0
   282        100 226.76    221    444        100   68.2     65    281          0      0      0      0
   283        100 226.66    222    307        100   66.9     65    123          0      0      0      0
   284        100 234.58    222    696        100  70.72     65    521          0      0      0      0
   285        100 235.73    221    699        100  69.01     65    187          0      0      0      0
   286        100 231.55    222    714        100  66.95     65    176          0      0      0      0
   287        100 229.29    221    608        100  69.33     65    437          0      0      0      0
   288        100 226.23    222    317        100  65.78     65     76          0      0      0      0
   289        100 226.36    221    412        100  65.87     65     76          0      0      0      0
   290        100 225.36    221    296        100  65.59     65     75          0      0      0      0
   291        100 238.86    222   1546        100   66.5     65    138          0      0      0      0
   292        100 227.04    222    349        100  67.16     65    148          0      0      0      0
   293        100 231.25    222    626        100  67.71     65    273          0      0      0      0
   294        100 227.27    221    415        100  66.64     65    165          0      0      0      0
   295        100 227.92    222    374        100  66.07     65     78          0      0      0      0
   296        100 227.79    221    382        100  66.34     65     99          0      0      0      0
   297        100 228.69    222    619        100  66.01     65     80          0      0      0      0
   298        100 226.09    222    318        100  66.31     65    119          0      0      0      0
   299        100 226.51    221    303        100  66.19     65     76          0      0      0      0
   300        100 312.42    222   8324        100  66.92     65    139          0      0      0      0
   301        100 227.57    222    452        100  66.09     65     77          0      0      0      0
   302        100  231.9    222    724        100  66.41     65     81          0      0      0      0
   303        100 234.67    222    978        100  65.67     65     77          0      0      0      0
   304        100 227.15    221    393        100  65.74     65     77          0      0      0      0
   305        100 227.94    222    468        100  65.97     65     76          0      0      0      0
   306        100 231.89    221    531        100  66.69     65    113          0      0      0      0
   307        100 226.54    222    322        100  66.29     65     84          0      0      0      0
   308        100 225.95    221    281        100  66.47     65    117          0      0      0      0
   309        100 225.61    221    289        100  66.09     65     79          0      0      0      0
   310        100 230.95    221    798        100  71.33     65    603          0      0      0      0
   311        100 226.01    221    303        100  66.02     65     77          0      0      0      0
   312        100 227.67    221    411        100   66.7     65     78          0      0      0      0
   313        100 234.24    222    714        100  71.08     65    505          0      0      0      0
   314        100 226.96    221    419        100  65.76     65     77          0      0      0      0
   315        100 224.77    222    253        100  66.31     65     85          0      0      0      0
   316        100 228.06    221    555        100  66.18     65     84          0      0      0      0
   317        100 227.43    222    410        100  65.98     65     79          0      0      0      0
   318        100 225.95    221    305        100  65.75     65     86          0      0      0      0
   319        100 235.83    221    700        100  66.43     65     77          0      0      0      0
   320        100 235.59    221    657        100  71.59     65    481          0      0      0      0
   321        100 227.17    221    382        100  67.27     65    221          0      0      0      0
   322        100 229.84    221    710        100  65.83     65    100          0      0      0      0
   323        100 227.34    221    310        100  67.66     65    149          0      0      0      0
   324        100 227.93    221    507        100  68.37     65    341          0      0      0      0
   325        100 230.83    221    777        100  65.83     65     80          0      0      0      0
   326        100  229.1    221    637        100   66.3     65    117          0      0      0      0
   327        100 252.28    222   1173        100  70.72     65    483          0      0      0      0
   328        100 231.85    221    739        100  66.53     65    139          0      0      0      0
   329        100  229.1    221    486        100  66.38     65     97          0      0      0      0
   330        100 228.07    222    406        100  66.74     65    131          0      0      0      0
   331        100 225.38    222    289        100  65.62     65     75          0      0      0      0
   332        100  231.6    222    947        100  65.79     65     81          0      0      0      0
   333        100 227.71    222    347        100  67.48     65    142          0      0      0      0
   334        100 230.68    222    630        100  70.91     65    457          0      0      0      0
   335        100 228.83    222    567        100  65.94     65     77          0      0      0      0
   336        100 229.95    221    712        100   66.2     65     75          0      0      0      0
   337        100 227.92    221    520        100  66.71     65    112          0      0      0      0
   338        100 234.45    221    755        100  68.66     65    317          0      0      0      0
   339        100  225.7    221    359        100  67.25     65    199          0      0      0      0
   340        100 232.66    222    768        100   71.1     65    588          0      0      0      0
   341        100 225.85    222    323        100  67.08     65    164          0      0      0      0
   342        100 227.92    222    495        100  68.38     65    297          0      0      0      0
   343        100 226.59    221    279        100  66.52     65     97          0      0      0      0
   344        100 227.24    221    428        100  65.65     65     78          0      0      0      0
   345        100 235.38    222   1286        100  65.81     65     76          0      0      0      0
   346        100 224.74    222    299        100  65.83     65     76          0      0      0      0
   347        100 232.29    222    559        100  65.71     65     76          0      0      0      0
   348        100  253.4    222   2530        100  69.97     65    446          0      0      0      0
   349        100 230.19    222    699        100  66.31     65     77          0      0      0      0
   350        100 225.93    222    295        100   66.2     65     76          0      0      0      0
   351        100 331.35    222  10019        100  73.32     65    683          0      0      0      0
   352        100 236.99    222    600        100  69.27     65    339          0      0      0      0
   353        100 235.89    222    719        100  74.54     65    542          0      0      0      0
   354        100 231.24    221    820        100  72.07     65    648          0      0      0      0
   355        100 225.56    222    251        100   66.1     65     85          0      0      0      0
   356        100 226.27    222    355        100  66.25     65     94          0      0      0      0
   357        100  284.1    221   5910        100  66.05     65     96          0      0      0      0
   358        100  226.4    221    383        100  67.92     65    221          0      0      0      0
   359        100 227.16    221    316        100  66.44     65     95          0      0      0      0
   360        100 266.36    221   3900        100  65.89     65     83          0      0      0      0
   361        100 240.57    221   1737        100  80.35     65   1542          0      0      0      0
   362        100  228.1    221    387        100  67.62     65    225          0      0      0      0
   363        100 229.81    222    604        100  69.54     65    432          0      0      0      0
   364        100 229.08    222    474        100   65.8     65     77          0      0      0      0
   365        100 225.85    222    294        100  66.72     65    120          0      0      0      0
   366        100 237.89    222   1527        100  78.29     65   1311          0      0      0      0
   367        100 229.56    222    467        100  65.96     65     79          0      0      0      0
   368        100 273.55    222   4808        100  68.67     65    198          0      0      0      0
   369        100 233.53    222    695        100  71.08     65    530          0      0      0      0
   370        100 226.64    222    395        100  65.73     65     75          0      0      0      0
   371        100 226.02    221    373        100  65.98     65     79          0      0      0      0
   372        100 226.98    222    360        100  66.22     65     97          0      0      0      0
   373        100 235.22    221    728        100  70.98     65    541          0      0      0      0
   374        100 229.55    221    529        100  66.07     65     80          0      0      0      0
   375        100 225.25    221    279        100  65.76     65     84          0      0      0      0
   376        100 228.66    221    587        100  65.73     65     78          0      0      0      0
   377        100 225.57    221    295        100  66.55     65    113          0      0      0      0
   378        100 227.74    222    480        100  65.83     65     77          0      0      0      0
   379        100 228.21    221    519        100  66.01     65     77          0      0      0      0
   380        100 229.67    222    449        100  66.34     65     77          0      0      0      0
   381        100  227.9    222    463        100   66.2     65     84          0      0      0      0
   382        100 230.22    221    788        100  70.86     65    598          0      0      0      0
   383        100 225.46    222    281        100   66.8     65    122          0      0      0      0
   384        100 225.74    221    321        100  66.15     65     85          0      0      0      0
   385        100 228.27    222    409        100     66     65     78          0      0      0      0
   386        100 233.18    222    690        100   66.2     65     87          0      0      0      0
   387        100 239.08    221    691        100  71.11     65    518          0      0      0      0
   388        100 225.99    221    334        100  65.48     65     75          0      0      0      0
   389        100 231.24    221    664        100  66.93     65     95          0      0      0      0
   390        100 225.88    221    325        100  66.22     65     92          0      0      0      0
   391        100 226.33    221    335        100  65.91     65     75          0      0      0      0
   392        100 236.06    221   1072        100  66.81     65     80          0      0      0      0
   393        100 226.75    222    325        100     67     65    140          0      0      0      0
   394        100 227.29    221    451        100  66.07     65     76          0      0      0      0
   395        100 261.11    221   3433        100  66.67     65    115          0      0      0      0
   396        100 231.82    222    765        100  71.98     65    598          0      0      0      0
   397        100 226.18    221    289        100  65.96     65     98          0      0      0      0
   398        100 295.54    221   7295        100 136.12     65   7061          0      0      0      0
   399        100 229.96    222    670        100  66.09     65     76          0      0      0      0
   400        100  225.9    222    290        100  66.56     65    130          0      0      0      0
   401        100 260.67    222   3650        100  66.26     65     92          0      0      0      0
   402        100 227.42    222    333        100  67.38     65    172          0      0      0      0
   403        100 230.07    222    704        100  66.15     65    122          0      0      0      0
   404        100 299.65    221   7595        100  66.17     65     80          0      0      0      0
   405        100 228.81    222    497        100  68.06     65    291          0      0      0      0
   406        100 227.58    222    371        100  65.59     65     76          0      0      0      0
   407        100 421.36    222  19275        100  66.32     65    105          0      0      0      0
   408        100 230.64    222    598        100  66.26     65     81          0      0      0      0
   409        100 226.99    221    332        100  66.48     65    128          0      0      0      0
   410        100 293.36    221   6834        100  66.66     65    103          0      0      0      0
   411        100  228.2    222    362        100   66.3     65     77          0      0      0      0
   412        100 225.12    222    275        100  65.85     65     77          0      0      0      0
   413        100 326.32    221  10080        100 164.16     65   9851          0      0      0      0
   414        100 231.08    222    658        100  71.82     65    488          0      0      0      0
   415        100 225.24    222    297        100  65.73     65     76          0      0      0      0
   416        100 422.71    221  19916        100 261.57     65  19660          0      0      0      0
   417        100 232.02    221    714        100  66.38     65     89          0      0      0      0
   418        100 235.98    221    624        100   72.7     65    446          0      0      0      0
   419        100 293.06    221   6950        100  66.16     65     82          0      0      0      0
   420        100 226.24    221    285        100  66.17     65     83          0      0      0      0
   421        100  225.9    221    293        100  66.19     65     76          0      0      0      0
   422        100 328.27    221  10202        100   66.5     65     91          0      0      0      0
   423        100 227.01    221    432        100  68.01     65    269          0      0      0      0
   424        100 230.31    222    593        100   70.5     65    428          0      0      0      0
   425        100 392.26    222  16677        100  66.87     65     99          0      0      0      0
   426        100 228.23    221    420        100  66.18     65     85          0      0      0      0
   427        100  229.8    221    554        100  66.37     65     90          0      0      0      0
   428        100 292.06    221   6794        100 132.76     65   6604          0      0      0      0
   429        100 225.31    221    314        100  65.64     65     77          0      0      0      0
   430        100 226.35    221    316        100  66.25     65     91          0      0      0      0
   431        100 341.05    222  11511        100  66.29     65     79          0      0      0      0
   432        100 230.84    221    692        100     66     65     76          0      0      0      0
   433        100 387.47    222  16177        100  66.57     65    113          0      0      0      0
   434        100 228.74    222    407        100  67.45     65    209          0      0      0      0
   435        100  237.7    222   1224        100  68.98     65    315          0      0      0      0
   436        100 299.94    222   7450        100  66.78     65    124          0      0      0      0
   437        100 226.72    222    400        100  66.39     65    150          0      0      0      0
   438        100 226.21    222    297        100     66     65     78          0      0      0      0
   439        100 336.12    221  10916        100 174.39     65  10673          0      0      0      0
   440        100 230.09    222    596        100  66.18     65     79          0      0      0      0
   441        100 227.14    221    489        100  66.14     65     77          0      0      0      0
   442        100 347.59    222  12266        100 185.42     65  12023          0      0      0      0
   443        100 228.11    222    347        100  68.34     65    183          0      0      0      0
   444        100 226.34    222    299        100  67.11     65    133          0      0      0      0
   445        100 308.58    222   8481        100 147.68     65   8251          0      0      0      0
   446        100 225.22    222    263        100  65.35     65     68          0      0      0      0
   447        100 230.77    222    784        100  66.03     65     78          0      0      0      0
   448        100 415.26    221  19200        100  66.13     65     98          0      0      0      0
   449        100 226.12    222    282        100  66.37     65    102          0      0      0      0
   450        100 227.23    222    289        100  68.22     65    130          0      0      0      0
   451        100 297.76    222   7382        100  66.38     65    111          0      0      0      0
   452        100 226.32    222    389        100   65.8     65     77          0      0      0      0
   453        100 229.78    222    505        100  69.75     65    300          0      0      0      0
   454        100 332.75    222  10168        100  65.98     65     76          0      0      0      0
   455        100 235.33    222    755        100  69.62     65    430          0      0      0      0
   456        100  352.8    222  12067        100 183.93     65  11827          0      0      0      0
   457        100 227.24    221    387        100  65.95     65     76          0      0      0      0
   458        100 224.79    221    286        100  65.92     65     77          0      0      0      0
   459        100  294.3    221   7032        100  133.9     65   6843          0      0      0      0
   460        100 228.23    221    433        100  65.83     65     76          0      0      0      0
   461        100 226.02    221    323        100   65.7     65     95          0      0      0      0
   462        100 329.65    221  10411        100  66.41     65     98          0      0      0      0
   463        100 225.73    221    317        100  65.68     65     75          0      0      0      0
   464        100 225.13    221    272        100  66.64     65     98          0      0      0      0
   465        100  294.3    222   6875        100 132.31     65   6684          0      0      0      0
   466        100 228.16    222    399        100  68.26     65    238          0      0      0      0
   467        100 225.62    221    304        100  65.81     65     77          0      0      0      0
   468        100 332.29    221  10680        100 170.16     65  10445          0      0      0      0
   469        100  227.2    221    363        100  68.43     65    204          0      0      0      0
   470        100 224.51    221    297        100   65.9     65     77          0      0      0      0
   471        100 517.97    221  29150        100  66.55     65     78          0      0      0      0
   472        100 225.78    222    346        100  66.16     65     77          0      0      0      0
   473        100 229.04    221    634        100  65.84     65     78          0      0      0      0
   474        100 290.99    221   6669        100  66.73     65    114          0      0      0      0
   475        100 226.09    222    452        100  67.73     65    259          0      0      0      0
   476        100 226.06    222    292        100  66.01     65     76          0      0      0      0
   477        100 340.47    221  11146        100  70.78     65    533          0      0      0      0
   478        100 225.84    222    298        100  66.53     65    138          0      0      0      0
   479        100 227.73    221    338        100  68.14     65    177          0      0      0      0
   480        100 357.71    222  12999        100  69.51     65    370          0      0      0      0
   481        100 225.31    222    271        100  65.96     65     76          0      0      0      0
   482        100 227.01    222    384        100  67.51     65    221          0      0      0      0
   483        100 309.68    221   6919        100   67.2     65    113          0      0      0      0
   484        100 232.14    221    724        100  66.52     65    124          0      0      0      0
   485        100 228.09    221    389        100  68.57     65    229          0      0      0      0
   486        100 328.09    221  10315        100  66.47     65     97          0      0      0      0
   487        100 230.49    221    512        100  66.91     65    151          0      0      0      0
   488        100 226.69    221    302        100  66.38     65     83          0      0      0      0
   489        100 384.71    221  16121        100  66.19     65    102          0      0      0      0
   490        100 228.17    221    406        100  67.85     65    245          0      0      0      0
   491        100 230.83    221    705        100  67.26     65    171          0      0      0      0
   492        100 333.73    221  10833        100  67.63     65    174          0      0      0      0
   493        100 226.76    222    417        100  66.61     65    115          0      0      0      0
   494        100 227.24    221    367        100  67.29     65    196          0      0      0      0
   495        100 345.85    221  11676        100  66.54     65     94          0      0      0      0
   496        100 225.46    221    280        100  66.07     65     76          0      0      0      0
   497        100 302.41    222   7811        100 140.94     65   7570          0      0      0      0
   498        100 227.54    222    394        100  66.09     65     77          0      0      0      0
   499        100 225.79    222    316        100  66.07     65    117          0      0      0      0
   500        100 331.55    222  10700        100  66.61     65    114          0      0      0      0
   501        100 227.68    222    452        100  66.17     65     94          0      0      0      0
   502        100 226.24    221    299        100  66.55     65    129          0      0      0      0
   503        100 334.41    221  10514        100  69.39     65    310          0      0      0      0
   504        100 228.31    222    377        100  65.92     65     79          0      0      0      0
   505        100 226.89    222    307        100  66.48     65     99          0      0      0      0
   506        100 303.86    221   7577        100   66.7     65    101          0      0      0      0
   507        100 233.99    221    546        100  71.88     65    374          0      0      0      0
   508        100 226.11    222    310        100   65.7     65     76          0      0      0      0
   509        100 338.37    221  11395        100  65.88     65     76          0      0      0      0
   510        100 227.42    222    315        100  65.99     65     79          0      0      0      0
   511        100 225.16    221    286        100  66.14     65     83          0      0      0      0
   512        100 331.01    222  10472        100  67.06     65    101          0      0      0      0
   513        100 226.67    222    409        100  66.28     65     85          0      0      0      0
   514        100 310.17    222   7199        100  66.77     65     88          0      0      0      0
   515        100 233.21    222    739        100  67.21     65    174          0      0      0      0
   516        100 230.18    221    516        100  70.15     65    337          0      0      0      0
   517        100 336.99    222  11174        100  67.64     65    177          0      0      0      0
   518        100 225.72    221    320        100  66.09     65     84          0      0      0      0
   519        100  232.5    221    597        100  66.73     65    113          0      0      0      0
   520        100 330.75    221  10617        100  66.16     65     94          0      0      0      0
   521        100 231.08    222    779        100  65.83     65     77          0      0      0      0
   522        100 225.46    222    278        100  66.69     65    120          0      0      0      0
   523        100 292.16    222   6930        100  65.62     65     78          0      0      0      0
   524        100 228.37    222    489        100  67.08     65    114          0      0      0      0
   525        100 229.31    221    536        100  66.63     65    138          0      0      0      0
   526        100 339.47    221  11505        100 179.18     65  11268          0      0      0      0
   527        100 226.28    221    341        100  65.48     65     74          0      0      0      0
   528        100 324.65    221   9957        100  67.43     65    214          0      0      0      0
   529        100  228.3    222    435        100  66.19     65     79          0      0      0      0
   530        100 225.19    222    258        100  66.25     65     79          0      0      0      0
   531        100 291.27    221   6891        100  132.5     65   6706          0      0      0      0
   532        100 227.25    221    429        100  68.06     65    266          0      0      0      0
   533        100 231.09    221    620        100  66.37     65    110          0      0      0      0
   534        100  727.3    222  50488        100 567.49     65  50217          0      0      0      0
   535        100 240.47    222    716        100  65.98     65     76          0      0      0      0
   536        100 228.78    221    444        100  66.22     65    101          0      0      0      0
   537        100  414.4    221  19070        100   66.5     65    116          0      0      0      0
   538        100 229.49    222    540        100  65.78     65     76          0      0      0      0
   539        100 225.33    221    303        100  65.82     65     75          0      0      0      0
   540        100 356.84    221  13246        100 195.17     65  12989          0      0      0      0
   541        100 225.68    222    295        100  66.73     65    121          0      0      0      0
   542        100 234.44    222   1097        100  66.26     65     80          0      0      0      0
   543        100 227.67    221    398        100  67.81     65    221          0      0      0      0
   544        100 231.47    221    845        100  66.63     65     86          0      0      0      0
   545        100 226.93    221    326        100  66.05     65    111          0      0      0      0
   546        100 225.95    221    364        100  65.73     65     85          0      0      0      0
   547        100 274.48    222   5156        100  66.34     65     85          0      0      0      0
   548        100 227.35    222    350        100   66.4     65     96          0      0      0      0
   549        100 228.94    222    445        100  66.24     65    107          0      0      0      0
   550        100 238.66    221    713        100  69.64     65    431          0      0      0      0
   551        100 227.86    221    406        100  69.07     65    245          0      0      0      0
   552        100  224.6    221    297        100  66.21     65    138          0      0      0      0
   553        100  238.7    221   1594        100  65.88     65     77          0      0      0      0
   554        100 233.73    221    915        100  67.09     65    174          0      0      0      0
   555        100 227.73    221    333        100  66.46     65     87          0      0      0      0
   556        100 230.95    221    659        100  66.01     65     80          0      0      0      0
   557        100 226.48    222    359        100  66.93     65    165          0      0      0      0
   558        100 225.88    222    302        100  66.79     65    128          0      0      0      0
   559        100 306.93    221   8487        100 148.54     65   8270          0      0      0      0
   560        100 229.49    222    446        100  67.13     65    153          0      0      0      0
   561        100 226.05    222    300        100  66.28     65    114          0      0      0      0
   562        100 229.92    221    675        100  70.54     65    504          0      0      0      0
   563        100 227.12    222    422        100   65.7     65     76          0      0      0      0
   564        100  226.1    222    380        100  66.18     65     95          0      0      0      0
   565        100 227.39    221    274        100  67.13     65    110          0      0      0      0
   566        100 301.28    222   7688        100 140.69     65   7486          0      0      0      0
   567        100 239.24    221    731        100  67.59     65    185          0      0      0      0
   568        100 400.58    221  17483        100  66.21     65    101          0      0      0      0
   569        100 228.07    221    305        100  66.88     65    111          0      0      0      0
   570        100 226.55    222    305        100  66.51     65    108          0      0      0      0
   571        100 225.03    222    276        100  66.77     65    117          0      0      0      0
   572        100 351.55    221  12822        100  66.08     65     91          0      0      0      0
   573        100 227.04    221    326        100  66.68     65    157          0      0      0      0
   574        100 346.78    221  11950        100  66.24     65     79          0      0      0      0
   575        100 231.81    222    771        100  66.06     65     81          0      0      0      0
   576        100 229.95    222    519        100  68.26     65    160          0      0      0      0
   577        100 590.73    222  36546        100 429.36     65  36330          0      0      0      0
   578        100 225.87    222    324        100  65.88     65     78          0      0      0      0
   579        100 227.27    221    357        100  67.58     65    163          0      0      0      0
   580        100  274.8    221   3869        100  66.69     65     93          0      0      0      0
   581        100 230.71    221    781        100  71.72     65    612          0      0      0      0
   582        100 226.95    221    305        100  66.66     65    146          0      0      0      0
