# PING PONG measurements (in us) 
# Executed at: Wed Feb 02 15:16:27 2011
#           Roundtrip time [us]             Write-access time [us]          Read-access time [us]
# Block     Count   mean    min    max      Count   mean    min    max      Count   mean    min    max
     0        100    139    118    595        100     95      5    513        100     16      4     68
     1        100    137    118    347        100     90      5    172        100     18      4    259
     2        100    136    118    301        100     91      5    290        100     16      4     61
     3        100    138    118    405        100     92      5    180        100     16      4     71
     4        100    136    118    344        100     91      5    201        100     15      4     61
     5        100    134    118    253        100     91      5    144        100     16      4     72
     6        100    137    118    524        100     90      5    133        100     20      4    374
     7        100    136    118    334        100     92      5    323        100     17      4    156
     8        100    135    118    270        100     91      5    201        100     16      4     69
     9        100    137    118    347        100     94      5    336        100     16      4     68
    10        100    139    118    419        100     93      5    406        100     16      4     60
    11        100    136    118    416        100     92      5    238        100     16      4     59
    12        100    136    118    255        100     90      5    196        100     16      4     68
    13        100    134    118    292        100     91      5    134        100     15      4     70
    14        100    135    118    269        100     90      5    200        100     16      4     58
    15        100    136    118    468        100     90      5    220        100     16      4     60
    16        100    134    118    274        100     92      5    170        100     15      4     58
    17        100    134    118    224        100     88      5    120        100     17      4    116
    18        100    134    118    246        100     92      5    164        100     15      4     68
    19        100    138    118    346        100     92      5    335        100     17      4     72
    20        100    134    118    270        100     90      5    141        100     16      4     82
    21        100    141    118    543        100     93      5    238        100     17      4    118
    22        100    135    118    273        100     90      5    163        100     16      4     66
    23        100    136    118    244        100     90      5    212        100     17      4    130
    24        100    136    118    429        100     90      5    130        100     16      4     60
    25        100    135    118    306        100     90      5    128        100     16      4    113
    26        100    140    118    461        100     90      5    179        100     18      4    151
    27        100    135    118    298        100     91      5    178        100     16      4     70
    28        100    136    118    281        100     90      5    207        100     17      4     68
    29        100    134    118    223        100     90      5    133        100     16      4     58
    30        100    139    118    606        100     95      5    486        100     16      4     58
    31        100    137    118    298        100     90      5    287        100     18      4    161
    32        100    146    118   1170        100    102      5   1146        100     16      4     79
    33        100    137    118    378        100     88      5    157        100     16      4    102
    34        100    142    118    421        100     93      5    266        100     16      4     68
    35        100    138    118    738        100     91      5    128        100     21      4    566
    36        100    135    118    349        100     91      5    161        100     16      4     59
    37        100    135    118    319        100     90      5    180        100     16      4     58
    38        100    134    118    218        100     90      5    154        100     16      4    109
    39        100    136    118    440        100     90      5    228        100     17      4     70
    40        100    141    119    687        100     97      5    671        100     16      4     69
    41        100    139    118    495        100     93      5    484        100     17      4    121
    42        100    141    118    611        100     89      5    146        100     19      4    305
    43        100    134    118    211        100     90      5    148        100     16      4    123
    44        100    137    118    511        100     89      5    120        100     17      4    148
    45        100    133    118    268        100     91      5    140        100     15      4     58
    46        100    134    118    244        100     89      5    142        100     17      4    114
    47        100    136    118    263        100     89      5    122        100     17      4    108
    48        100    134    118    258        100     91      5    124        100     16      4    111
    49        100    135    118    268        100     90      5    146        100     16      4     64
    50        100    135    118    332        100     91      5    123        100     16      4    112
    51        100    135    118    285        100     90      5    196        100     16      4     68
    52        100    133    118    257        100     91      5    123        100     16      4     58
    53        100    136    118    294        100     91      5    282        100     17      4    146
    54        100    134    118    259        100     91      5    169        100     16      4     67
    55        100    138    118    608        100     92      5    127        100     16      4    129
    56        100    136    118    262        100     89      5    133        100     18      4    149
    57        100    134    118    267        100     91      5    129        100     16      4     69
    58        100    140    118    516        100     90      5    148        100     20      4    370
    59        100    134    118    259        100     91      5    125        100     15      4     67
    60        100    137    118    328        100     92      5    286        100     17      4    135
    61        100    137    118    466        100     92      5    149        100     16      4     72
    62        100    136    118    273        100     91      5    192        100     16      4     73
    63        100    135    119    238        100     90      5    180        100     17      4     60
    64        100    135    118    281        100     91      5    182        100     16      4     59
    65        100    136    118    324        100     89      5    121        100     17      4     70
    66        100    135    118    358        100     90      5    128        100     18      4    270
    67        100    134    118    258        100     90      5    134        100     16      4     58
    68        100    134    118    264        100     92      5    208        100     15      4     59
    69        100    134    118    313        100     90      5    143        100     17      4    225
    70        100    134    118    231        100     90      5    220        100     16      4     66
    71        100    136    118    279        100     91      5    218        100     17      4    191
    72        100    141    118    484        100     95      5    473        100     16      4     60
    73        100    135    118    256        100     91      5    245        100     15      4     58
    74        100    135    118    290        100     89      5    135        100     17      4     58
    75        100    134    118    248        100     90      5    124        100     16      4    106
    76        100    135    118    308        100     88      5    165        100     17      4    212
    77        100    133    118    242        100     91      5    166        100     15      4     58
    78        100    134    118    192        100     88      5    146        100     16      4     69
    79        100    143    118    519        100     95      5    404        100     16      4     69
    80        100    135    118    282        100     91      5    205        100     16      4     58
    81        100    149    118   1289        100     88      5    126        100     18      4    245
    82        100    135    118    248        100     90      5    143        100     16      4     81
    83        100    141    118    953        100     92      5    130        100     15      4     59
    84        100    139    118    349        100     89      5    170        100     18      4    126
    85        100    136    118    414        100     92      5    148        100     17      4    182
    86        100    134    118    251        100     89      5    130        100     17      4     58
    87        100    135    118    294        100     91      5    130        100     16      4     58
    88        100    150    125    687        100    101      5    670        100     18      4     61
    89        100    144    125    341        100     99      5    296        100     16      4     79
    90        100    146    125    475        100    100      5    462        100     17      4     81
    91        100    145    125    509        100    101      5    483        100     16      4     93
    92        100    144    125    294        100     97      5    193        100     17      4     62
    93        100    142    125    289        100     93      5    134        100     17      4    106
    94        100    142    125    359        100     96      5    145        100     17      4     79
    95        100    145    125    460        100     95      5    142        100     17      4     70
    96        100    144    125    387        100     98      5    264        100     17      4     71
    97        100    145    125    322        100     97      5    286        100     17      4     71
    98        100    146    125    566        100     95      5    151        100     21      4    449
    99        100    142    124    276        100     97      5    237        100     16      4     61
   100        100    147    125    421        100     98      5    407        100     17      4     61
   101        100    146    125    585        100     96      5    462        100     18      4    144
   102        100    160    128    445        100    108      6    148        100     20      4    192
   103        100    162    141    329        100    106      6    205        100     20      4    148
   104        100    160    141    272        100    107      6    167        100     19      5     80
   105        100    161    141    292        100    106      6    156        100     20      4     80
   106        100    160    141    327        100    107      6    147        100     19      4    154
   107        100    163    141    430        100    106      6    147        100     22      4    182
   108        100    162    141    459        100    110      6    326        100     19      4    100
   109        100    160    140    302        100    107      6    147        100     19      5     69
   110        100    166    141    650        100    109      6    184        100     20      4    138
   111        100    192    141   1447        100    126      6   1359        100     20      4     79
   112        100    188    141   1285        100    128      6   1263        100     19      5     92
   113        100    163    140    359        100    110      6    346        100     19      4     69
   114        100    184    141    547        100    126      6    527        100     21      4     95
   115        100    185    161    429        100    124      7    265        100     22      5     79
   116        100    188    161    547        100    127      7    232        100     23      5    326
   117        100    192    161    463        100    130      7    449        100     22      5     93
   118        100    185    161    362        100    124      7    194        100     23      5    193
   119        100    185    161    346        100    123      7    202        100     22      5     79
   120        100    190    161    507        100    127      7    290        100     24      5    233
   121        100    186    161    511        100    122      7    212        100     25      5    307
   122        100    190    161    437        100    124      7    307        100     25      5    214
   123        100    186    161    336        100    124      7    196        100     23      5    203
   124        100    187    161    661        100    126      7    236        100     21      5     95
   125        100    192    161    678        100    131      7    663        100     23      5    181
   126        100    187    161    448        100    124      7    202        100     23      5    131
   127        100    193    161    495        100    129      7    478        100     23      5    149
   128        100    188    161    627        100    130      7    361        100     22      5    151
   129        100    184    161    411        100    123      7    179        100     23      5    171
   130        100    193    161   1186        100    136      7   1169        100     21      5    198
   131        100    196    161    622        100    125      7    266        100     27      5    502
   132        100    183    161    386        100    125      7    214        100     21      5     80
   133        100    193    161    831        100    123      7    226        100     23      5    155
   134        100    186    161    423        100    128      7    387        100     21      5     79
   135        100    190    161    659        100    125      7    357        100     24      5    216
   136        100    185    161    387        100    126      7    190        100     21      5     92
   137        100    195    161    897        100    125      7    328        100     22      5     79
   138        100    199    161   1125        100    124      7    235        100     25      5    352
   139        100    280    161   2628        100    130      7    271        100     70      5   2488
   140        100    196    161    753        100    124      7    198        100     28      5    573
   141        100    234    161   2226        100    154      7   1707        100     23      5    111
   142        100    188    161    408        100    125      7    391        100     22      5     79
   143        100    186    161    740        100    128      7    479        100     21      5     79
   144        100    187    161    443        100    126      7    237        100     22      5     93
   145        100    186    161    524        100    125      7    252        100     21      5     80
   146        100    187    140    526        100    125      7    509        100     22      4     92
   147        100    161    141    359        100    108      6    183        100     19      4     69
   148        100    162    140    299        100    108      6    169        100     20      5     87
   149        100    162    141    332        100    108      6    176        100     20      5    180
   150        100    166    141    483        100    111      6    392        100     19      4     82
   151        100    161    141    376        100    108      6    156        100     17      5     69
   152        100    171    141    600        100    114      6    376        100     21      5    295
   153        100    164    141    616        100    112      6    372        100     18      4     69
   154        100    166    141    738        100    112      6    391        100     19      5    166
   155        100    168    141    610        100    111      6    348        100     20      4    149
   156        100    166    141    650        100    113      6    401        100     19      4    168
   157        100    164    141    630        100    110      6    300        100     19      4     69
   158        100    175    141   1050        100    120      6   1034        100     19      4     80
   159        100    168    141    605        100    114      6    408        100     18      4     86
   160        100    166    141    800        100    108      6    359        100     20      4    146
   161        100    165    141    779        100    109      6    419        100     19      5     81
   162        100    165    141    581        100    111      6    343        100     19      4     81
   163        100    164    140    607        100    110      6    362        100     20      4    181
   164        100    169    141    789        100    111      6    294        100     20      5    249
   165        100    169    140    708        100    111      6    436        100     19      4     81
   166        100    168    140    645        100    113      6    381        100     21      4    194
   167        100    161    125    612        100    106      5    364        100     19      4     69
   168        100    147    125    573        100     99      5    315        100     16      4     72
   169        100    148    125    555        100     98      5    344        100     17      4    122
   170        100    147    125    529        100     96      5    230        100     17      4    159
   171        100    155    125    677        100    104      5    435        100     16      4     61
   172        100    149    125    679        100     97      5    264        100     17      4     82
   173        100    148    125    623        100     98      5    352        100     18      4    172
   174        100    147    125    548        100     98      5    228        100     16      4     73
   175        100    148    125    632        100    101      5    383        100     16      4     62
   176        100    157    125   1189        100    105      5    913        100     20      4    363
   177        100    147    125    621        100     99      5    323        100     16      4     72
   178        100    148    125    590        100     98      5    333        100     18      4    133
   179        100    150    125    597        100    103      5    582        100     16      4     73
   180        100    188    125   4282        100     99      5    355        100     17      4     72
   181        100    151    125    609        100     99      5    332        100     17      4    120
   182        100    154    125    972        100    107      5    958        100     16      4     62
   183        100    152    125    648        100    102      5    520        100     17      4     63
   184        100    148    125    599        100    101      5    334        100     16      4     85
   185        100    152    125    557        100    100      5    408        100     17      4     75
   186        100    149    125    588        100    100      5    330        100     16      4     64
   187        100    149    125    710        100     98      5    327        100     17      4     93
   188        100    146    125    553        100     99      5    321        100     16      4     61
   189        100    151    125    501        100    102      5    473        100     17      4     76
   190        100    147    125    591        100     98      5    356        100     17      4     67
   191        100    146    125    480        100     96      5    175        100     17      4    130
   192        100    160    125    808        100    107      5    551        100     18      4     81
   193        100    164    141    570        100    106      6    210        100     19      5    104
   194        100    164    140    541        100    109      6    213        100     20      4    269
   195        100    164    141    618        100    113      6    346        100     17      4     81
   196        100    164    141    595        100    113      6    345        100     18      4     69
   197        100    165    140    614        100    110      6    303        100     18      4     82
   198        100    165    141    640        100    108      6    380        100     19      4    160
   199        100    172    141   1082        100    118      6    745        100     18      4     69
   200        100    166    140    605        100    109      6    362        100     19      4     84
   201        100    169    140    737        100    108      6    345        100     19      4    133
   202        100    166    141    679        100    112      6    407        100     18      4     69
   203        100    163    140    604        100    110      6    290        100     18      4     81
   204        100    166    140    592        100    111      6    341        100     19      4     69
   205        100    164    140    592        100    113      6    357        100     17      4     80
   206        100    165    141    614        100    111      6    356        100     19      4     81
   207        100    166    140    751        100    113      6    336        100     18      4     69
   208        100    164    140    669        100    110      6    307        100     20      5    142
   209        100    167    140    615        100    112      6    385        100     19      4    126
   210        100    166    141    609        100    113      6    355        100     18      4     69
   211        100    164    141    592        100    110      6    355        100     19      4     69
   212        100    205    141   4783        100    110      6    341        100     18      4     69
   213        100    164    141    606        100    110      6    312        100     20      4    250
   214        100    167    141    615        100    111      6    353        100     19      4    103
   215        100    166    141    786        100    113      6    443        100     18      5     81
   216        100    165    140    591        100    109      6    332        100     22      5    322
   217        100    167    141    595        100    112      6    356        100     20      4    187
   218        100    166    140    535        100    111      6    385        100     20      4    196
   219        100    165    141    630        100    111      6    353        100     18      4     78
   220        100    166    141    536        100    111      6    405        100     19      4     79
   221        100    170    141    629        100    114      6    371        100     20      4    185
   222        100    165    141    705        100    111      6    398        100     19      5    189
   223        100    169    141    647        100    108      6    366        100     22      4    187
   224        100    172    141    850        100    110      6    449        100     19      4     71
   225        100    170    140    630        100    111      6    364        100     20      4    135
   226        100    166    140    587        100    110      6    351        100     18      4     82
   227        100    170    141    682        100    114      6    666        100     19      5     84
   228        100    165    141    615        100    112      6    353        100     18      4     69
   229        100    169    141    682        100    114      6    304        100     18      4     80
   230        100    168    141    616        100    113      6    352        100     19      4     83
   231        100    165    140    636        100    112      6    359        100     18      4     69
   232        100    166    141    665        100    108      6    343        100     20      4     84
   233        100    161    125    603        100    105      5    335        100     19      4    148
   234        100    147    125    594        100    100      5    352        100     16      4     68
   235        100    147    125    525        100    101      5    263        100     16      4     73
   236        100    149    125    572        100    100      5    337        100     17      4     72
   237        100    160    125    635        100    104      5    619        100     20      4    467
   238        100    146    125    549        100     98      5    279        100     16      4     61
   239        100    146    125    529        100     96      5    297        100     17      4     71
   240        100    149    125    602        100    100      5    375        100     16      4    116
   241        100    145    125    536        100     97      5    264        100     17      4    162
   242        100    149    125    543        100     97      5    290        100     18      4    151
   243        100    145    125    544        100     99      5    305        100     16      4     61
   244        100    186    125   4400        100     97      5    302        100     17      4     74
   245        100    147    125    632        100     98      5    335        100     17      4     61
   246        100    145    125    527        100     96      5    315        100     17      4     67
   247        100    145    125    528        100     99      5    289        100     16      4     72
   248        100    148    125    523        100     98      5    350        100     17      4     84
   249        100    147    125    520        100    100      5    308        100     16      4     71
   250        100    151    125    842        100     94      5    166        100     24      4    745
   251        100    148    125    612        100    100      5    375        100     17      4    128
   252        100    150    125    538        100     99      5    312        100     18      4     70
   253        100    166    141    656        100    112      6    393        100     18      4     75
   254        100    166    141    573        100    107      6    207        100     20      5    172
   255        100    166    141    585        100    112      6    346        100     19      4    105
   256        100    166    141    686        100    111      6    237        100     19      4    144
   257        100    164    140    598        100    108      6    359        100     20      4    127
   258        100    167    141    603        100    113      6    416        100     18      4     69
   259        100    167    141    607        100    113      6    347        100     18      4     69
   260        100    164    141    616        100    111      6    355        100     18      4     70
   261        100    162    141    565        100    107      6    225        100     19      4     81
   262        100    165    141    600        100    109      6    342        100     20      5    138
   263        100    163    141    577        100    108      6    344        100     19      5    137
   264        100    165    141    599        100    110      6    361        100     19      5     80
   265        100    163    141    567        100    109      6    226        100     18      4     80
   266        100    168    141    793        100    111      6    343        100     18      4     69
   267        100    165    141    553        100    110      6    396        100     19      4     69
   268        100    167    141    595        100    114      6    362        100     18      5     69
   269        100    165    141    599        100    112      6    343        100     19      4     71
   270        100    171    141    603        100    112      6    345        100     22      5    192
   271        100    163    141    618        100    111      6    359        100     18      4     69
   272        100    166    141    699        100    109      6    313        100     20      4    181
   273        100    166    141    620        100    112      6    365        100     18      4     70
   274        100    177    141    713        100    116      6    699        100     19      4    141
   275        100    166    141    624        100    113      6    361        100     18      5     80
   276        100    208    141   4594        100    111      6    566        100     20      4    130
   277        100    170    141   1206        100    118      6    925        100     18      4     81
   278        100    166    141    652        100    108      6    392        100     19      4     69
   279        100    167    140    525        100    115      6    432        100     18      4     81
   280        100    167    141    624        100    110      6    361        100     20      5    145
   281        100    166    141    605        100    111      6    350        100     19      5    107
   282        100    164    141    626        100    111      6    297        100     18      5     69
   283        100    166    141    587        100    108      6    328        100     22      4    243
   284        100    165    141    594        100    112      6    339        100     18      5     69
   285        100    163    141    601        100    110      6    307        100     19      4     80
   286        100    172    141    650        100    110      6    328        100     19      4     78
   287        100    174    141    639        100    113      6    353        100     23      4    530
   288        100    166    141    766        100    111      6    361        100     19      4     69
   289        100    166    140    601        100    107      6    342        100     22      4    347
   290        100    165    141    685        100    112      6    428        100     18      5     80
   291        100    163    140    582        100    111      6    290        100     18      4     69
   292        100    165    140    596        100    108      6    338        100     20      5    133
   293        100    165    141    588        100    110      6    334        100     19      4    136
   294        100    162    141    629        100    110      6    379        100     19      4    100
   295        100    167    140    619        100    111      6    289        100     18      4     90
   296        100    166    141    625        100    109      6    364        100     20      4    162
   297        100    146    125    592        100     99      5    341        100     16      4     62
   298        100    150    125    577        100     98      5    271        100     17      4    127
   299        100    146    125    548        100     96      5    307        100     18      4    117
   300        100    145    125    523        100     98      5    314        100     16      4     70
   301        100    149    125    647        100     95      5    291        100     17      4     72
   302        100    151    125    718        100    102      5    418        100     17      4    160
   303        100    149    125    556        100     98      5    336        100     18      4    114
   304        100    147    125    598        100     98      5    349        100     18      4    136
   305        100    146    125    535        100     99      5    257        100     16      4     63
   306        100    149    125    592        100    100      5    382        100     17      4     95
   307        100    143    125    473        100     96      5    169        100     16      4     73
   308        100    183    125   3853        100     98      5    320        100     18      4    161
   309        100    143    125    475        100     96      5    185        100     16      4     61
   310        100    148    125    683        100     99      5    289        100     16      4     61
   311        100    146    125    541        100     96      5    219        100     17      4     62
   312        100    146    125    523        100     97      5    294        100     18      4    149
   313        100    144    125    481        100     95      5    175        100     16      4     61
   314        100    148    125    530        100     98      5    303        100     18      4    208
   315        100    154    125    477        100    105      6    248        100     16      4     71
   316        100    164    141    608        100    108      6    355        100     19      4     81
   317        100    166    141    576        100    110      6    339        100     21      4    302
   318        100    164    141    615        100    107      6    282        100     19      4    106
   319        100    176    141    940        100    115      6    540        100     21      5    261
   320        100    168    140    788        100    111      6    458        100     20      4     83
   321        100    167    140    866        100    111      6    354        100     18      4     85
   322        100    164    141    615        100    108      6    352        100     19      4     69
   323        100    167    141    646        100    110      6    346        100     18      4     81
   324        100    170    140   1003        100    112      6    449        100     20      4    241
   325        100    165    141    648        100    109      6    344        100     20      4    137
   326        100    169    140    710        100    108      6    350        100     20      4     84
   327        100    165    140    745        100    109      6    397        100     20      4    140
   328        100    170    141    596        100    115      6    551        100     19      4     81
   329        100    167    141    620        100    115      6    376        100     17      4     82
   330        100    185    140   2232        100    111      6    273        100     19      5    162
   331        100    165    140    670        100    110      6    373        100     19      4    170
   332        100    167    141    590        100    112      6    349        100     18      4     70
   333        100    163    140    571        100    110      6    235        100     18      4     81
   334        100    168    141    583        100    112      6    345        100     19      4     76
   335        100    175    141    624        100    117      6    543        100     18      4     79
   336        100    165    140    636        100    111      6    298        100     19      5     71
   337        100    164    141    620        100    111      6    362        100     18      5    105
   338        100    166    140    597        100    112      6    385        100     18      4     82
   339        100    165    141    634        100    110      6    282        100     18      4     69
   340        100    207    141   4699        100    109      6    377        100     20      4     81
   341        100    164    140    602        100    110      6    348        100     18      5     70
   342        100    167    140    590        100    112      6    397        100     19      4     72
   343        100    165    141    636        100    112      6    397        100     18      4     81
   344        100    163    141    526        100    106      6    186        100     18      4     69
   345        100    166    141    571        100    110      6    191        100     22      4    453
   346        100    165    141    600        100    110      6    345        100     19      4     81
   347        100    168    140    614        100    109      6    356        100     21      4    337
   348        100    169    140    728        100    111      6    340        100     19      5    107
   349        100    163    141    551        100    108      6    207        100     19      5    135
   350        100    164    141    592        100    110      6    335        100     18      5     69
   351        100    164    141    600        100    108      6    200        100     19      5     93
   352        100    167    141    757        100    112      6    422        100     19      4     90
   353        100    170    141    594        100    114      6    581        100     19      4     80
   354        100    168    141    787        100    112      6    388        100     18      4     69
   355        100    164    141    587        100    109      6    294        100     18      4     69
   356        100    166    140    590        100    111      6    353        100     20      4    140
   357        100    163    141    590        100    111      6    331        100     18      4    141
   358        100    163    141    604        100    111      6    289        100     18      4     78
   359        100    165    140    618        100    110      6    379        100     20      4    172
   360        100    165    141    660        100    111      6    329        100     20      4    179
   361        100    164    141    615        100    109      6    346        100     20      4    102
   362        100    166    140    634        100    113      6    375        100     18      4     80
   363        100    166    140    606        100    110      6    296        100     18      4     79
   364        100    168    141    588        100    109      6    348        100     19      4     70
   365        100    163    141    614        100    107      6    346        100     18      4     69
   366        100    172    141    832        100    117      6    441        100     19      5    154
   367        100    166    140    690        100    110      6    329        100     20      5    184
   368        100    172    140    595        100    115      6    419        100     19      4     82
   369        100    161    125    640        100    108      5    395        100     19      4    171
   370        100    150    125    777        100     98      5    260        100     21      4    537
   371        100    150    125    556        100     95      5    311        100     18      4    197
   372        100    189    125   4607        100     98      5    350        100     17      4     94
   373        100    150    125    623        100     98      5    314        100     17      4    111
   374        100    146    125    557        100     98      5    276        100     17      4    113
   375        100    146    125    560        100     97      5    328        100     17      4     73
   376        100    151    125    627        100    100      5    342        100     17      4     75
   377        100    147    125    549        100     98      5    327        100     17      4     68
   378        100    146    125    540        100     99      5    295        100     17      4    166
   379        100    152    125    535        100     98      5    309        100     20      4    325
   380        100    145    125    564        100     99      5    342        100     16      4     61
   381        100    151    125    546        100    102      5    502        100     16      4     72
   382        100    147    125    546        100     98      5    332        100     17      4     71
   383        100    160    125   1404        100    112      5   1371        100     16      4     72
   384        100    158    125    688        100    106      5    607        100     17      4     62
   385        100    146    125    654        100     95      5    353        100     17      4    124
   386        100    146    125    519        100     98      5    307        100     17      4     69
   387        100    165    140    482        100    110      6    358        100     19      4     82
   388        100    166    140    609        100    110      6    355        100     19      5    103
   389        100    165    141    574        100    110      6    341        100     20      4    276
   390        100    165    141    634        100    109      6    336        100     19      4     69
   391        100    164    141    616        100    110      6    379        100     19      5     99
   392        100    165    141    746        100    109      6    330        100     19      4     69
   393        100    166    141    599        100    110      6    330        100     19      5     82
   394        100    167    141    638        100    110      6    275        100     19      4    146
   395        100    165    141    847        100    110      6    347        100     18      4     70
   396        100    168    141    622        100    111      6    308        100     19      4    150
   397        100    165    141    609        100    110      6    347        100     19      4    168
   398        100    165    141    673        100    109      6    291        100     19      4    158
   399        100    164    141    616        100    111      6    341        100     18      4     69
   400        100    164    141    533        100    107      6    192        100     20      5    190
   401        100    163    141    596        100    110      6    358        100     18      4     69
   402        100    173    140   1119        100    109      6    338        100     20      4    169
   403        100    169    141    592        100    113      6    402        100     19      4     80
   404        100    206    141   4873        100    111      6    388        100     19      5     87
   405        100    170    140    594        100    110      6    334        100     19      4    151
   406        100    165    141    647        100    110      6    374        100     19      4     80
   407        100    163    141    585        100    109      6    242        100     19      5    172
   408        100    166    140    587        100    110      6    329        100     19      4     79
   409        100    166    140    588        100    110      6    354        100     19      5    107
   410        100    165    141    607        100    110      6    348        100     19      4     81
   411        100    167    141    594        100    112      6    332        100     19      4    162
   412        100    164    141    538        100    109      6    196        100     19      5    184
   413        100    167    141    606        100    112      6    452        100     20      4    127
   414        100    165    140    595        100    110      6    335        100     19      5     69
   415        100    172    141    593        100    118      6    342        100     18      4     70
   416        100    164    141    690        100    108      6    246        100     19      5     80
   417        100    172    141    795        100    114      6    531        100     19      4    139
   418        100    162    140    560        100    109      6    210        100     18      4     81
   419        100    168    140    598        100    109      6    340        100     22      4    307
   420        100    170    141    847        100    112      6    362        100     18      4     81
   421        100    166    140    649        100    110      6    407        100     19      5     82
   422        100    169    140    771        100    111      6    344        100     19      5     81
   423        100    165    141    792        100    109      6    315        100     19      4     69
   424        100    167    140    582        100    110      6    343        100     19      4     76
   425        100    167    140    556        100    113      6    325        100     18      4     70
   426        100    166    141    639        100    109      6    361        100     20      4    157
   427        100    165    141    605        100    111      6    366        100     18      4     82
   428        100    166    141    591        100    111      6    351        100     20      5    194
   429        100    164    141    591        100    111      6    332        100     19      4    174
   430        100    167    141    532        100    112      6    382        100     19      4     71
   431        100    195    141   1633        100    115      6    445        100     34      4   1000
   432        100    168    141    616        100    112      6    470        100     20      4    162
   433        100    185    125   1890        100    101      5    384        100     25      4    544
   434        100    147    125    548        100    100      5    350        100     16      4     62
   435        100    151    125    777        100     97      5    298        100     21      4    460
   436        100    184    125   4312        100     98      5    363        100     18      4    110
   437        100    146    125    558        100     98      5    261        100     16      4     72
   438        100    146    125    539        100     98      5    297        100     17      4     61
   439        100    147    125    579        100     99      6    352        100     16      4     74
   440        100    145    125    535        100     96      5    294        100     18      4    137
   441        100    153    125    653        100    105      5    638        100     16      4     61
   442        100    146    125    520        100     96      5    301        100     17      4     72
   443        100    145    125    524        100     98      5    293        100     16      4     71
   444        100    149    125    473        100     96      5    276        100     18      4    177
   445        100    145    125    523        100     96      5    311        100     17      4     61
   446        100    147    125    519        100     97      5    291        100     17      4     71
   447        100    146    125    529        100     98      5    300        100     17      4    132
   448        100    146    125    635        100     98      5    288        100     17      4     82
   449        100    145    125    531        100     96      5    302        100     17      4     74
   450        100    146    125    536        100     99      5    309        100     16      4     61
   451        100    148    125    540        100     97      5    328        100     19      4    120
   452        100    168    141    823        100    114      6    372        100     18      4     69
   453        100    164    141    604        100    112      6    293        100     18      4    132
   454        100    163    141    586        100    107      6    328        100     18      4     70
   455        100    167    140    632        100    110      6    379        100     19      4     82
   456        100    163    141    604        100    110      6    333        100     18      5     80
   457        100    169    141    610        100    115      6    563        100     18      4     79
   458        100    167    141    823        100    112      6    451        100     19      4     79
   459        100    163    141    531        100    108      6    221        100     19      5     79
   460        100    164    140    607        100    107      6    349        100     20      4    187
   461        100    167    141    578        100    111      6    341        100     20      4    108
   462        100    166    141    612        100    114      6    401        100     19      4    148
   463        100    164    141    598        100    111      6    285        100     18      5     79
   464        100    174    141    655        100    112      6    356        100     21      4    161
   465        100    164    141    631        100    112      6    392        100     18      4     69
   466        100    168    140    580        100    111      6    342        100     20      5    108
   467        100    165    141    615        100    110      6    352        100     18      4     69
   468        100    218    140   4688        100    120      6    900        100     19      4    139
   469        100    167    140    611        100    108      6    367        100     20      4    132
   470        100    166    140    591        100    110      6    335        100     22      4    392
   471        100    172    140    669        100    116      6    653        100     19      4    168
   472        100    165    140    601        100    110      6    358        100     19      4     80
   473        100    163    140    611        100    109      6    343        100     19      4    126
   474        100    174    141   1587        100    118      6   1201        100     19      5     82
   475        100    163    140    584        100    108      6    345        100     18      4     69
   476        100    168    140    583        100    112      6    565        100     20      4    185
   477        100    265    140  10409        100    110      6    306        100     19      4    141
   478        100    165    141    644        100    110      6    374        100     19      5     81
   479        100    164    141    604        100    112      6    343        100     18      4     84
   480        100    172    141    751        100    115      6    345        100     17      4     83
   481        100    171    141    627        100    113      6    578        100     20      4    148
   482        100    164    141    657        100    111      6    368        100     19      4    196
   483        100    167    140    843        100    108      6    309        100     20      4    190
   484        100    165    141    619        100    110      6    361        100     21      4    362
   485        100    164    140    627        100    109      6    299        100     18      4     71
   486        100    166    141    701        100    109      6    343        100     19      5     69
   487        100    164    140    613        100    111      6    379        100     19      4    158
   488        100    162    140    592        100    109      6    340        100     18      4     69
   489        100    167    140    758        100    113      6    416        100     19      5     84
   490        100    164    141    664        100    111      6    291        100     18      4     80
   491        100    165    140    590        100    108      6    333        100     19      4     69
   492        100    171    140    833        100    111      6    350        100     19      4    202
   493        100    166    140    586        100    110      6    348        100     19      4     69
   494        100    163    140    582        100    112      6    344        100     17      4     69
   495        100    163    140    684        100    106      6    189        100     18      4     69
   496        100    163    141    528        100    108      6    187        100     18      4     84
   497        100    164    141    661        100    110      6    399        100     19      4    121
   498        100    166    140    663        100    110      6    402        100     19      4     81
   499        100    169    140    590        100    113      6    411        100     18      4     81
   500        100    204    125   5102        100    108      5    340        100     17      4     72
   501        100    146    125    542        100     96      5    310        100     17      4     69
   502        100    144    125    529        100     95      5    307        100     16      4     61
   503        100    146    125    561        100     97      5    323        100     17      4     72
   504        100    145    125    486        100     97      5    187        100     16      4     61
   505        100    148    125    562        100    100      5    305        100     16      4     62
   506        100    145    125    488        100     98      5    214        100     16      4     73
   507        100    148    125    543        100     98      5    312        100     17      4    182
   508        100    148    125    493        100    100      5    453        100     17      4     70
   509        100    149    125    543        100    100      5    351        100     17      4     62
   510        100    147    125    712        100     99      5    354        100     16      4     62
   511        100    147    125    536        100     98      5    305        100     17      4     61
   512        100    153    125    637        100    101      5    288        100     17      4     65
   513        100    146    125    535        100     97      5    321        100     17      4    152
   514        100    146    125    468        100     99      5    275        100     16      4     62
   515        100    150    125    570        100     99      5    333        100     16      4     61
   516        100    147    125    522        100     96      5    239        100     17      4     72
   517        100    149    125    554        100    101      5    412        100     17      4    161
   518        100    164    125    568        100    111      6    357        100     18      4     80
   519        100    165    141    640        100    111      6    379        100     18      4     81
   520        100    169    141    689        100    117      6    672        100     17      4     85
   521        100    164    141    635        100    111      6    338        100     19      4    135
   522        100    173    141    815        100    107      6    341        100     19      4     82
   523        100    173    141    610        100    114      6    386        100     22      5    300
   524        100    166    141    606        100    113      6    345        100     18      4    187
   525        100    164    141    547        100    109      6    203        100     18      4     69
   526        100    166    141    581        100    112      6    343        100     18      5     69
   527        100    164    141    532        100    109      6    191        100     19      5     81
   528        100    165    141    581        100    111      6    344        100     19      4     83
   529        100    175    141    667        100    116      6    651        100     23      4    558
   530        100    174    141   1053        100    111      6    355        100     20      4    181
   531        100    197    140   2525        100    136      6   2503        100     18      5     69
   532        100    211    140   5320        100    108      6    239        100     20      5    176
   533        100    169    141    663        100    116      6    525        100     18      5     69
   534        100    165    141    574        100    109      6    220        100     18      4     81
   535        100    167    141    619        100    110      6    338        100     19      4     79
   536        100    163    141    595        100    111      6    357        100     18      4     70
   537        100    166    141    610        100    109      6    339        100     19      4     69
   538        100    169    140    656        100    115      6    639        100     19      4     69
   539        100    163    140    538        100    107      6    212        100     20      5    183
   540        100    170    141    732        100    112      6    330        100     19      4    124
   541        100    165    141    600        100    112      6    345        100     18      4     69
   542        100    167    141    645        100    109      6    362        100     19      4     78
   543        100    170    141    731        100    109      6    346        100     22      4    210
   544        100    166    141    727        100    110      6    427        100     19      4     69
   545        100    167    141    597        100    113      6    343        100     18      4     69
   546        100    166    140    704        100    108      6    359        100     19      4     69
   547        100    164    141    613        100    110      6    362        100     18      4     70
   548        100    167    141    634        100    109      6    363        100     21      4    321
   549        100    165    141    688        100    111      6    345        100     19      4    158
   550        100    165    140    634        100    111      6    287        100     18      4     69
   551        100    166    141    631        100    109      6    372        100     19      4     69
   552        100    164    141    588        100    110      6    349        100     19      4    157
   553        100    164    141    636        100    111      6    291        100     18      4     80
   554        100    175    141   1038        100    112      6    354        100     19      4    101
   555        100    165    141    615        100    111      6    358        100     18      4     69
   556        100    163    141    623        100    109      6    279        100     19      4    188
   557        100    171    141    608        100    112      6    336        100     20      4     96
   558        100    170    141    618        100    115      6    561        100     19      4    189
   559        100    164    141    656        100    109      6    303        100     19      4     77
   560        100    175    141    874        100    117      6    418        100     19      4     83
   561        100    166    141    656        100    112      6    413        100     18      5     78
   562        100    163    141    609        100    111      6    278        100     18      4    131
   563        100    172    140    766        100    114      6    722        100     20      4     84
   564        100    219    141   5375        100    114      6    441        100     19      4    219
   565        100    164    141    618        100    112      6    319        100     18      5     80
   566        100    173    140    819        100    116      6    802        100     20      5    167
   567        100    169    141    669        100    109      6    304        100     21      4    244
   568        100    165    141    602        100    108      6    363        100     19      5     70
   569        100    171    141    910        100    118      6    891        100     18      4     69
   570        100    170    141    754        100    111      6    364        100     19      4    158
   571        100    165    140    625        100    108      6    379        100     19      5    117
   572        100    165    141    616        100    110      6    302        100     18      4     81
   573        100    165    141    590        100    109      6    333        100     20      4    164
   574        100    166    140    624        100    113      6    375        100     18      4     79
   575        100    170    141    638        100    111      6    312        100     24      5    494
   576        100    167    141    868        100    112      6    534        100     19      4     83
   577        100    166    140    580        100    112      6    343        100     18      4     81
   578        100    162    125    554        100    109      5    409        100     18      4     69
   579        100    146    125    560        100     99      5    313        100     16      4     72
   580        100    144    125    498        100     97      5    192        100     16      4     61
   581        100    152    125    878        100     99      5    302        100     21      4    550
   582        100    145    125    582        100     98      5    327        100     16      4     61
   583        100    148    125    550        100     98      5    336        100     18      4    129
   584        100    148    125    516        100     96      5    305        100     17      4    154
   585        100    147    125    548        100     96      5    314        100     18      4    134
   586        100    148    125    637        100    100      5    377        100     16      4     73
   587        100    147    125    607        100     96      5    308        100     19      4    278
   588        100    148    125    571        100     98      5    306        100     17      4    167
   589        100    146    125    568        100    100      5    251        100     16      4     61
   590        100    148    125    539        100     96      5    309        100     17      4     75
   591        100    145    125    520        100     99      5    311        100     16      4     61
   592        100    148    125    796        100     96      5    293        100     18      4    117
   593        100    146    125    525        100     99      5    313        100     16      4     61
   594        100    146    125    559        100     98      5    259        100     16      4     71
   595        100    146    125    524        100     96      5    311        100     17      4     70
   596        100    210    141   4980        100    114      6    391        100     19      4    161
   597        100    164    141    594        100    108      6    354        100     19      4     77
   598        100    163    140    596        100    111      6    338        100     18      4     69
   599        100    166    141    739        100    110      6    286        100     19      4    132
