# PING PONG measurements (in us) 
# Executed at: Wed Feb 02 15:15:47 2011
#           Roundtrip time [us]             Write-access time [us]          Read-access time [us]
# Block     Count   mean    min    max      Count   mean    min    max      Count   mean    min    max
     0        100    282    116   1954        100    132     16    521        100     25      3    272
     1        100    251    116    697        100    129     16    426        100     22      3    257
     2        100    231    116    760        100    122     15    610        100     19      3    153
     3        100    245    116    971        100    122     16    400        100     24      3    408
     4        100    230    116    560        100    122     15    464        100     22      3    262
     5        100    228    116    726        100    119     16    333        100     19      3    218
     6        100    226    116    547        100    122     16    482        100     21      3    291
     7        100    228    116    687        100    116     16    360        100     23      3    261
     8        100    224    116    702        100    118     16    336        100     18      3    150
     9        100    228    116    751        100    119     16    321        100     22      3    143
    10        100    221    116    552        100    117     16    392        100     19      3    179
    11        100    227    116    857        100    120     16    394        100     21      3    185
    12        100    230    116    581        100    121     16    332        100     21      3    141
    13        100    227    116    578        100    121     16    344        100     20      3    149
    14        100    228    116    729        100    116     16    321        100     19      3    156
    15        100    239    116    651        100    122     16    629        100     22      3    295
    16        100    229    116    589        100    119     16    349        100     20      3    146
    17        100    221    116    880        100    121     16    397        100     19      3    198
    18        100    235    116    745        100    118     16    342        100     23      3    347
    19        100    231    116    626        100    120     16    486        100     23      3    301
    20        100    240    116    576        100    128     16    565        100     23      3    178
    21        100    227    116    714        100    118     16    333        100     20      3    148
    22        100    227    116    608        100    121     16    393        100     21      3    292
    23        100    269    116   2451        100    134     16    973        100     24      3    316
    24        100    265    116    987        100    143     16    971        100     25      3    375
    25        100    249    116   1204        100    122     16    459        100     26      3    244
    26        100    232    116    727        100    121     16    396        100     21      3    153
    27        100    239    116    850        100    122     16    529        100     21      3    315
    28        100    232    116    712        100    116     16    346        100     21      3    169
    29        100    232    116    767        100    119     16    333        100     20      3    170
    30        100    232    116    850        100    123     15    537        100     20      3    149
    31        100    253    116   2510        100    145     16   2283        100     23      3    492
    32        100    230    116    733        100    126     16    713        100     20      3    177
    33        100    239    116   1023        100    125     16    421        100     18      3    177
    34        100    250    116   1283        100    119     16    367        100     31      3    970
    35        100    232    116    759        100    118     16    408        100     21      3    245
    36        100    223    116    737        100    119     16    473        100     19      3    237
    37        100    230    116    604        100    118     16    433        100     20      3    254
    38        100    231    116    777        100    122     16    468        100     27      3    564
    39        100    231    116    751        100    120     16    458        100     18      3    152
    40        100    227    116    549        100    121     15    329        100     23      3    336
    41        100    221    116    934        100    118     16    327        100     20      3    294
    42        100    236    116    699        100    118     16    481        100     22      3    294
    43        100    224    116    571        100    123     16    464        100     21      3    141
    44        100    225    116    762        100    119     16    344        100     19      3    145
    45        100    229    116    945        100    119     16    375        100     20      3    154
    46        100    234    116    546        100    122     16    530        100     23      3    165
    47        100    221    116    569        100    124     15    558        100     18      3    160
    48        100    230    116    740        100    122     15    538        100     23      3    308
    49        100    228    116   1004        100    120     15    545        100     22      3    440
    50        100    233    116    935        100    121     16    360        100     24      3    398
    51        100    238    116   1266        100    118     16    339        100     20      3    175
    52        100    236    116    870        100    121     16    542        100     21      3    150
    53        100    229    116    755        100    118     16    321        100     23      3    386
    54        100    228    116    886        100    119     16    356        100     20      3    304
    55        100    234    116    633        100    120     16    380        100     23      3    304
    56        100    231    116   1311        100    131     15   1293        100     19      3    140
    57        100    234    116    730        100    118     16    340        100     20      3    160
    58        100    224    116    635        100    124     16    484        100     19      3    154
    59        100    229    116    679        100    117     16    331        100     21      3    155
    60        100    230    116    701        100    119     16    406        100     18      3    146
    61        100    236    116    735        100    121     16    356        100     26      3    436
    62        100    251    116   2371        100    145     16   2142        100     20      3    184
    63        100    240    116   1138        100    132     16    922        100     17      3    158
    64        100    342    116   4064        100    175     16   4041        100     49      3   1681
    65        100    239    116    665        100    124     16    612        100     24      3    438
    66        100    233    116    727        100    118     16    326        100     22      3    195
    67        100    244    116   1309        100    137     16   1291        100     22      3    174
    68        100    238    116    964        100    133     16    952        100     20      3    146
    69        100    244    116   1051        100    121     16    460        100     21      3    233
    70        100    238    116   1148        100    119     16    350        100     28      3    814
    71        100    239    116   1063        100    122     16    853        100     22      3    210
    72        100    246    116   1170        100    126     16   1159        100     21      3    209
    73        100    239    116   1120        100    118     16    332        100     21      3    253
    74        100    240    116   1145        100    130     16   1079        100     29      3    931
    75        100    237    116   1125        100    121     16    368        100     19      3    157
    76        100    234    116   1176        100    117     16    336        100     20      3    160
    77        100    269    116   2404        100    119     16    334        100     23      3    230
    78        100    232    116   1094        100    130     16   1083        100     21      3    140
    79        100    229    116   1077        100    120     16    430        100     25      3    865
    80        100    237    116   1122        100    121     16    351        100     21      3    197
    81        100    232    116   1167        100    117     16    326        100     21      3    141
    82        100    236    116    922        100    127     16    911        100     22      3    151
    83        100    236    116   1227        100    122     16    323        100     22      3    151
    84        100    256    116   1518        100    123     16    625        100     33      3   1302
    85        100    232    116    942        100    121     16    451        100     21      3    164
    86        100    247    116   1014        100    120     16    341        100     33      3    801
    87        100    235    116    916        100    125     16    588        100     18      3    150
    88        100    237    116    781        100    122     16    502        100     22      3    197
    89        100    250    116   1887        100    133     16   1018        100     20      3    171
    90        100    302    116   1298        100    154     16    570        100     24      3    256
    91        100    251    116    692        100    121     16    435        100     24      3    189
    92        100    226    116    810        100    119     16    393        100     21      3    255
    93        100    251    116   1040        100    129     16    826        100     21      3    162
    94        100    245    116   2704        100    139     16   2258        100     20      3    296
    95        100    224    116    746        100    120     16    462        100     19      3    179
    96        100    233    116    661        100    119     16    454        100     21      3    225
    97        100    219    116    612        100    119     16    330        100     20      3    303
    98        100    226    116   1003        100    122     16    337        100     26      3    791
    99        100    232    116   1480        100    124     16    693        100     18      3    257
   100        100    230    116    681        100    117     16    329        100     23      3    268
   101        100    224    116    516        100    119     16    330        100     21      3    285
   102        100    234    116    855        100    119     16    487        100     22      3    289
   103        100    229    116    770        100    119     16    333        100     19      3    140
   104        100    229    116    893        100    119     16    337        100     20      3    151
   105        100    232    116    972        100    135     16    962        100     18      3    140
   106        100    238    116   1260        100    118     16    345        100     23      3    346
   107        100    221    116    515        100    120     16    463        100     21      3    230
   108        100    225    116    748        100    119     16    475        100     23      3    283
   109        100    226    116    541        100    121     16    397        100     21      3    162
   110        100    227    116    704        100    120     16    392        100     21      3    139
   111        100    226    116    605        100    120     16    411        100     22      3    293
   112        100    222    116    735        100    121     16    482        100     18      3    151
   113        100    232    116    600        100    116     16    340        100     22      3    140
   114        100    225    116    697        100    118     16    338        100     21      3    154
   115        100    231    116    830        100    118     16    335        100     19      3    150
   116        100    235    116    681        100    120     16    365        100     23      3    323
   117        100    228    116    751        100    118     16    329        100     20      3    194
   118        100    232    116   1027        100    118     16    344        100     21      3    150
   119        100    225    116    824        100    124     16    406        100     18      3    225
   120        100    232    116    804        100    121     16    402        100     19      3    193
   121        100    225    116    730        100    127     16    712        100     20      3    149
   122        100    235    116    800        100    120     16    469        100     20      3    142
   123        100    267    116   1419        100    142     16   1018        100     28      3    885
   124        100    319    116   9838        100    217     16   9819        100     16      3    150
   125        100    247    116    776        100    124     16    406        100     24      3    294
   126        100    253    116   2424        100    143     16   2211        100     22      3    192
   127        100    232    116    772        100    122     16    560        100     23      3    240
   128        100    230    116    654        100    121     16    390        100     21      3    160
   129        100    239    116    686        100    127     16    658        100     23      3    296
   130        100    231    116    864        100    118     16    333        100     22      3    281
   131        100    229    116    681        100    117     16    329        100     22      3    149
   132        100    226    116    565        100    120     16    337        100     24      3    331
   133        100    232    116    582        100    121     16    488        100     22      3    153
   134        100    228    116    767        100    122     16    479        100     21      3    161
   135        100    233    116    718        100    121     16    482        100     22      3    171
   136        100    225    116    630        100    118     15    338        100     21      3    165
   137        100    232    116    629        100    117     16    329        100     24      3    292
   138        100    225    116    690        100    119     16    330        100     21      3    149
   139        100    233    116    752        100    121     16    373        100     21      3    291
   140        100    229    116    610        100    120     16    480        100     22      3    273
   141        100    217    116    791        100    121     15    403        100     16      3    147
   142        100    227    116    657        100    116     16    333        100     22      3    143
   143        100    221    116    635        100    118     16    330        100     21      3    372
   144        100    224    116    918        100    119     15    459        100     21      3    306
   145        100    218    116    589        100    122     16    453        100     17      3    139
   146        100    233    116    737        100    119     16    336        100     25      3    293
   147        100    224    116    674        100    122     16    473        100     18      3    153
   148        100    231    116    576        100    118     16    333        100     22      3    151
   149        100    223    116    695        100    119     16    472        100     20      3    151
   150        100    239    116    910        100    125     16    555        100     22      3    302
   151        100    228    116    875        100    119     16    335        100     20      3    167
   152        100    222    116    716        100    121     16    480        100     19      3    164
   153        100    230    116    851        100    121     16    399        100     18      3    187
   154        100    237    116    927        100    130     16    912        100     21      3    187
   155        100    229    116    765        100    118     16    342        100     23      3    299
   156        100    232    116    723        100    125     16    670        100     20      3    235
   157        100    239    116    652        100    128     16    529        100     22      3    169
   158        100    248    116   2706        100    138     16   2274        100     20      3    181
   159        100    226    116    718        100    118     16    323        100     22      3    232
   160        100    227    116    622        100    123     16    467        100     20      3    161
   161        100    237    116   1008        100    126     16    776        100     25      3    557
   162        100    225    116    785        100    119     16    398        100     17      3    140
   163        100    229    116    594        100    120     16    326        100     24      3    292
   164        100    221    116    721        100    117     16    365        100     20      3    225
   165        100    227    116    728        100    120     16    484        100     20      3    149
   166        100    230    116    732        100    121     16    384        100     20      3    207
   167        100    230    116    590        100    122     16    387        100     23      3    377
   168        100    227    116    722        100    121     16    476        100     21      3    139
   169        100    224    116    611        100    117     16    332        100     20      3    177
   170        100    229    116    710        100    119     16    333        100     24      3    296
   171        100    228    116    721        100    116     16    344        100     21      3    291
   172        100    223    116    758        100    121     16    485        100     19      3    148
   173        100    231    116    509        100    122     16    475        100     22      3    140
   174        100    222    116    782        100    119     16    384        100     16      3    139
   175        100    232    116    737        100    124     15    718        100     25      3    346
   176        100    234    116    716        100    120     16    467        100     22      3    193
   177        100    228    116    743        100    119     16    335        100     19      3    141
   178        100    221    116    577        100    120     16    390        100     19      3    149
   179        100    228    116    879        100    118     16    340        100     21      3    151
   180        100    226    116    549        100    120     16    332        100     22      3    292
   181        100    232    116    582        100    126     15    491        100     23      3    304
   182        100    220    116    714        100    119     16    333        100     19      3    237
   183        100    227    116    555        100    120     16    336        100     20      3    142
   184        100    230    116    587        100    124     16    435        100     21      3    188
   185        100    224    116    680        100    121     16    468        100     18      3    185
   186        100    231    116    763        100    116     16    337        100     24      3    297
   187        100    234    116    809        100    119     16    340        100     24      3    339
   188        100    242    116   1034        100    121     16    490        100     28      3    820
   189        100    220    116    578        100    124     16    478        100     19      3    220
   190        100    242    116   2798        100    140     16   2258        100     20      3    262
   191        100    237    116    919        100    127     16    486        100     20      3    151
   192        100    233    116   1004        100    118     16    333        100     21      3    193
   193        100    225    116    538        100    122     16    477        100     20      3    140
   194        100    227    116   1037        100    123     16    397        100     20      3    291
   195        100    226    116    744        100    123     16    548        100     19      3    165
   196        100    229    116    571        100    116     16    332        100     23      3    162
   197        100    231    116    789        100    119     16    346        100     27      3    575
   198        100    227    116    610        100    117     16    332        100     22      3    293
   199        100    223    116    659        100    119     16    396        100     19      3    221
   200        100    231    116    565        100    120     16    336        100     23      3    287
   201        100    222    116    645        100    120     16    405        100     18      3    153
   202        100    232    116    816        100    116     16    341        100     22      3    141
   203        100    225    116    700        100    119     16    333        100     21      3    141
   204        100    231    116    815        100    119     16    357        100     19      3    139
   205        100    238    116   1106        100    116      5    354        100     24      3    475
   206        100    224    116    624        100    116     16    338        100     19      3    140
   207        100    230    116    652        100    117     16    342        100     24      3    315
   208        100    306    116   4324        100    121     16    376        100     87      3   4004
   209        100    301    116   1223        100    135     16    521        100     51      3    866
   210        100    270    116    962        100    129     16    543        100     30      3    291
   211        100    285    116   1088        100    131     16    434        100     42      3    490
   212        100    281    116    753        100    130     16    457        100     33      3    307
   213        100    308    116    931        100    132     16    532        100     37      3    321
   214        100    311    116   1091        100    141     16    489        100     34      3    280
   215        100    465    116   9543        100    127     16    424        100     50      3   1693
   216        100    876    116  15445        100    134     16    464        100    199      3   6903
   217        100    362    116   5438        100    132     17    436        100     75      3   4370
   218        100    300    116   1305        100    129     16    451        100     50      3    931
   219        100    213    116   1007        100    105      4    437        100     37      3    754
   220        100    234    116   7295        100    158      5   6925        100     31      3    348
   221        100    182    116   2610        100     91      4    303        100     22      3    284
   222        100    140    115    529        100     93      4    312        100     16      3    207
   223        100    136    116    513        100     91      4    296        100     15      3     65
   224        100    154    115   1981        100    108      4   1552        100     15      3     68
   225        100    238    116   9456        100     97      4    472        100     18      3    408
   226        100    136    115    543        100     90      4    321        100     16      3    146
   227        100    135    115    488        100     91      4    291        100     15      3    160
   228        100    139    116    506        100     91      4    279        100     15      3     98
   229        100    134    115    502        100     91      5    286        100     14      3     67
   230        100    136    116    553        100     91      4    265        100     15      3     57
   231        100    135    115    499        100     91      4    289        100     15      3     67
   232        100    134    115    518        100     93      4    307        100     14      3     57
   233        100    137    115    503        100     91      4    287        100     16      3    168
   234        100    134    115    493        100     90      4    294        100     15      3     99
   235        100    139    115    524        100     96      4    500        100     15      3    147
   236        100    135    115    521        100     91      4    303        100     15      3     57
   237        100    134    115    483        100     91      4    288        100     16      3    125
   238        100    135    115    526        100     90      4    298        100     15      3     77
   239        100    135    115    521        100     92      4    287        100     14      3     57
   240        100    140    115    569        100     92      4    303        100     15      3    118
   241        100    137    116    492        100     91      4    292        100     15      3     57
   242        100    135    115    497        100     91      4    281        100     15      3    111
   243        100    134    116    505        100     88      4    262        100     15      3     84
   244        100    134    116    483        100     92      4    287        100     14      3     57
   245        100    136    115    498        100     91      4    281        100     15      3     97
   246        100    138    116    510        100     91      4    290        100     15      3     58
   247        100    135    116    526        100     91      4    261        100     15      3    163
   248        100    135    115    493        100     90      4    278        100     15      3     58
   249        100    134    115    576        100     91      4    318        100     14      3     57
   250        100    137    116    641        100     90      4    354        100     16      3     58
   251        100    136    115    501        100     92      4    276        100     14      3     57
   252        100    136    115    489        100     90      4    291        100     15      3     61
   253        100    156    115   2540        100     94      4    287        100     14      3     57
   254        100    135    115    511        100     91      5    237        100     15      3    131
   255        100    137    116    488        100     90      4    289        100     16      3     77
   256        100    141    116    662        100     93      5    371        100     18      3    420
   257        100    138    115    665        100     90      4    309        100     16      3     57
   258        100    138    116    489        100     95      4    335        100     14      3     58
   259        100    137    115    506        100     91      4    307        100     15      3     64
   260        100    135    115    532        100     91      4    299        100     16      3    153
   261        100    134    115    489        100     91      4    246        100     15      3    116
   262        100    134    115    503        100     89      4    296        100     15      3     67
   263        100    146    116    560        100     97      4    397        100     16      3    123
   264        100    136    116    532        100     93      4    324        100     14      3     57
   265        100    135    116    517        100     88      4    255        100     15      3     59
   266        100    135    115    550        100     89      4    158        100     15      3     58
   267        100    140    116    605        100     97      4    594        100     14      3     64
   268        100    139    116    459        100     92      4    412        100     15      3     57
   269        100    136    116    501        100     92      4    283        100     15      3     67
   270        100    140    116    618        100     96      4    604        100     15      3     66
   271        100    137    116    532        100     93      4    319        100     14      3     64
   272        100    135    115    505        100     93      4    293        100     14      3     58
   273        100    136    115    501        100     90      5    301        100     15      3     68
   274        100    135    116    510        100     92      4    293        100     14      3     66
   275        100    154    116    868        100    109      4    609        100     14      3     69
   276        100    136    116    520        100     90      4    316        100     16      3    118
   277        100    137    116    499        100     93      4    288        100     17      3    326
   278        100    134    116    535        100     91      4    318        100     14      3     57
   279        100    136    116    484        100     93      4    286        100     14      3     67
   280        100    135    116    508        100     89      4    249        100     16      3    162
   281        100    142    116    617        100     94      4    278        100     19      3    522
   282        100    136    116    519        100     93      4    314        100     14      3     57
   283        100    139    116    652        100     91      4    402        100     15      3     67
   284        100    135    116    490        100     91      4    278        100     15      3     69
   285        100    157    115   2695        100     90      5    323        100     15      3     67
   286        100    141    116    488        100     95      4    474        100     16      3    165
   287        100    138    116    633        100     93      5    318        100     15      3     58
   288        100    176    115   2570        100     91      4    371        100     18      3    295
   289        100    141    115    641        100     92      4    308        100     18      3    376
   290        100    135    116    540        100     90      4    250        100     14      3     57
   291        100    137    115    521        100     92      5    287        100     15      3     69
   292        100    139    115    589        100     97      4    575        100     14      3     84
   293        100    137    116    505        100     89      4    287        100     17      3    188
   294        100    135    115    488        100     92      4    290        100     15      3    174
   295        100    137    116    547        100     92      4    264        100     14      3     67
   296        100    136    115    508        100     91      4    292        100     15      3     67
   297        100    140    115    749        100     90      4    294        100     17      3    178
   298        100    136    116    522        100     92      4    312        100     15      3     57
   299        100    136    116    550        100     93      4    333        100     15      3    123
   300        100    135    116    506        100     89      4    290        100     15      3     64
   301        100    135    116    531        100     91      4    246        100     15      3     66
   302        100    135    115    540        100     89      4    293        100     14      3     57
   303        100    136    115    509        100     92      4    311        100     15      3     65
   304        100    149    116   1401        100     93      4    533        100     27      3   1315
   305        100    135    116    531        100     90      4    253        100     15      3     58
   306        100    135    116    604        100     90      4    321        100     15      3     57
   307        100    137    116    648        100     91      5    296        100     16      3     79
   308        100    135    116    483        100     91      4    288        100     16      3    196
   309        100    136    116    496        100     91      4    278        100     15      3     65
   310        100    136    116    496        100     91      4    280        100     15      3    104
   311        100    135    116    489        100     92      5    246        100     14      3     64
   312        100    137    115    502        100     91      4    286        100     16      3    163
   313        100    137    116    544        100     93      4    329        100     14      3     58
   314        100    136    116    493        100     90      5    293        100     16      3    108
   315        100    140    116    494        100     96      4    351        100     15      3     70
   316        100    137    115    665        100     92      4    281        100     15      3     96
   317        100    163    116   3230        100     91      4    276        100     16      3    130
   318        100    135    116    502        100     93      4    305        100     14      3     69
   319        100    136    116    491        100     90      5    292        100     16      3     67
   320        100    142    116    617        100     97      4    346        100     16      3    105
   321        100    137    115    535        100     91      4    316        100     15      3     68
   322        100    156    116   1522        100     98      4    746        100     15      3    154
   323        100    135    116    570        100     92      4    249        100     14      3     66
   324        100    138    115    500        100     91      4    298        100     17      3    213
   325        100    138    115    575        100     91      4    302        100     19      3    425
   326        100    143    116    603        100     97      4    588        100     16      3     70
   327        100    135    115    548        100     91      4    344        100     15      3     67
   328        100    135    115    516        100     91      4    246        100     15      3     66
   329        100    136    116    502        100     90      4    284        100     15      3     58
   330        100    138    116    556        100     92      4    287        100     14      3     58
   331        100    144    116    778        100     90      4    288        100     19      3    357
   332        100    137    115    525        100     93      4    296        100     15      3     67
   333        100    136    115    514        100     92      4    267        100     14      3     62
   334        100    136    116    533        100     90      4    315        100     15      3     78
   335        100    134    115    519        100     91      4    306        100     14      3     57
   336        100    137    115    509        100     91      4    301        100     15      3     77
   337        100    134    115    494        100     91      4    278        100     15      3    126
   338        100    141    116    771        100     91      4    241        100     21      3    622
   339        100    136    115    609        100     91      4    303        100     15      3     64
   340        100    142    115   1245        100     98      4   1005        100     15      3    117
   341        100    198    116   5605        100     92      5    323        100     67      3   5277
   342        100    135    116    508        100     93      4    308        100     14      3     58
   343        100    137    115    491        100     89      4    276        100     17      3    271
   344        100    136    116    651        100     91      4    300        100     15      3     66
   345        100    137    116    603        100     91      4    273        100     15      3     76
   346        100    135    116    492        100     92      4    277        100     14      3     57
   347        100    139    116    922        100     95      4    646        100     14      3     59
   348        100    138    116    511        100     90      4    290        100     18      3    282
   349        100    160    116   2979        100     94      4    282        100     14      3     58
   350        100    135    116    519        100     92      4    257        100     14      3     66
   351        100    136    116    489        100     90      4    290        100     17      3    178
   352        100    136    116    747        100     88      4    347        100     15      3     68
   353        100    138    116    583        100     92      5    293        100     15      3    154
   354        100    135    116    501        100     90      4    290        100     15      3     78
   355        100    136    115    568        100     92      5    316        100     14      3     58
   356        100    135    116    500        100     92      4    240        100     14      3     66
   357        100    135    115    485        100     91      5    287        100     15      3     67
   358        100    135    115    499        100     91      4    284        100     14      3     66
   359        100    136    116    541        100     90      4    299        100     15      3     58
   360        100    137    116    487        100     93      4    348        100     16      3    173
   361        100    137    115    512        100     90      4    236        100     15      3     57
   362        100    136    116    528        100     92      5    312        100     15      3     58
   363        100    134    115    461        100     89      4    169        100     15      3     76
   364        100    140    116    749        100     91      4    283        100     15      3    110
   365        100    134    116    462        100     89      5    175        100     16      3    122
   366        100    137    116    499        100     91      4    299        100     17      3    261
   367        100    134    115    464        100     89      4    173        100     15      3     57
   368        100    137    116    526        100     92      4    311        100     15      3     67
   369        100    135    115    470        100     91      4    258        100     15      3     57
   370        100    134    115    496        100     92      4    279        100     14      3     57
   371        100    136    115    473        100     90      4    250        100     15      3     64
   372        100    137    115    568        100     93      4    324        100     15      3     57
   373        100    137    116    658        100     90      5    305        100     16      3     75
   374        100    135    115    509        100     92      4    280        100     15      3     66
   375        100    136    115    497        100     91      5    298        100     15      3     57
   376        100    135    116    522        100     91      4    286        100     15      3     58
   377        100    151    116    562        100    105      5    508        100     15      3     59
   378        100    136    116    535        100     91      4    327        100     16      3     85
   379        100    135    116    489        100     93      4    276        100     14      3     57
   380        100    136    116    676        100     90      4    325        100     15      3     57
   381        100    164    116   2748        100     98      4    650        100     14      3     57
   382        100    138    116    516        100     92      5    261        100     18      3    319
   383        100    142    116    586        100     95      5    572        100     17      3    250
   384        100    208    116   3973        100    126      4   3349        100     15      3     67
   385        100    135    115    517        100     91      4    268        100     14      3     67
   386        100    135    115    496        100     92      4    297        100     15      3     69
   387        100    134    115    527        100     90      4    287        100     16      3    108
   388        100    138    115    484        100     94      5    309        100     15      3     58
   389        100    136    116    460        100     90      4    188        100     15      3     67
   390        100    136    116    526        100     92      4    308        100     15      3     66
   391        100    134    115    446        100     91      4    199        100     14      3     58
   392        100    135    115    537        100     91      5    324        100     15      3     57
   393        100    135     91    525        100     90      5    255        100     14      3     58
   394        100    141    116    613        100     97      5    600        100     15      3    127
   395        100    136    116    454        100     90      5    181        100     15      3     58
   396        100    136    115    492        100     93      4    276        100     14      3     57
   397        100    135    116    480        100     89      4    182        100     16      3    192
   398        100    137    115    484        100     94      4    301        100     14      3     57
   399        100    133    116    441        100     89      4    157        100     14      3     67
   400        100    138    115    515        100     94      4    369        100     15      3     66
   401        100    134    115    472        100     89      4    200        100     15      3     70
   402        100    164    116   2226        100     91      4    273        100     16      3    120
   403        100    138    115    475        100     93      4    223        100     15      3     65
   404        100    142    116    760        100     91      4    445        100     15      3     87
   405        100    147    116    494        100     99      4    467        100     17      3    222
   406        100    169    116   3003        100     96      4    299        100     14      3     65
   407        100    140    115    538        100     96      4    473        100     14      3     62
   408        100    136    116    551        100     92      4    347        100     16      3    162
   409        100    135    116    515        100     91      4    300        100     15      3    114
   410        100    139    116    494        100     91      4    280        100     16      3    160
   411        100    136    116    523        100     93      4    293        100     14      3     66
   412        100    135    115    574        100     92      4    234        100     14      3     57
   413        100    160    116   2812        100     91      4    290        100     16      3     67
   414        100    134    115    496        100     89      4    283        100     16      3    125
   415        100    135    116    537        100     92      4    320        100     15      3     67
   416        100    140    116    655        100     90      4    201        100     21      3    569
   417        100    139    115    506        100     93      4    288        100     15      3     67
   418        100    135    115    507        100     88      4    205        100     15      3     57
   419        100    135    115    441        100     89      4    171        100     15      3     67
   420        100    136    115    525        100     92      4    308        100     15      3    114
   421        100    135    116    459        100     91      4    187        100     15      3     66
   422        100    135    115    486        100     91      4    288        100     15      3     57
   423        100    134    115    494        100     90      4    157        100     15      3    114
   424        100    135    115    494        100     92      4    296        100     14      3     58
   425        100    134    116    455        100     90      4    156        100     15      3     67
   426        100    137    116    495        100     92      4    286        100     15      3     61
   427        100    135    116    450        100     91      4    337        100     15      3     57
   428        100    139    115    493        100     93      4    336        100     16      3    197
   429        100    135    116    482        100     89      4    196        100     15      3    142
   430        100    136    116    486        100     93      4    287        100     15      3     67
   431        100    134    115    453        100     90      4    162        100     15      3     67
   432        100    136    115    652        100     91      4    430        100     16      3    128
   433        100    139    116    654        100     91      4    322        100     16      3     67
   434        100    142    115    892        100     94      4    300        100     16      3    162
   435        100    137    116    525        100     91      4    318        100     15      3     57
   436        100    136    115    542        100     93      4    333        100     14      3     67
   437        100    141    116    510        100     96      4    480        100     15      3     58
   438        100    137    115    558        100     92      4    349        100     15      3     58
   439        100    143    116    564        100     95      4    389        100     16      3    158
   440        100    136    115    530        100     91      4    298        100     15      3     57
   441        100    135    116    585        100     91      4    291        100     15      3     65
   442        100    138    115    707        100     90      4    276        100     16      3    112
   443        100    136    115    521        100     92      4    321        100     14      3     58
   444        100    135    115    525        100     91      4    247        100     15      3     58
   445        100    170    116   2705        100    102      4   1192        100     15      3     66
   446        100    341    116   7068        100     93      4    357        100    102      3   6976
   447        100    136    116    527        100     93      4    306        100     14      3     58
   448        100    137    116    669        100     94      4    417        100     14      3     66
   449        100    140    115    670        100     96      4    545        100     15      3     66
   450        100    137    116    640        100     91      4    289        100     16      3    107
   451        100    133    116    456        100     89      5    169        100     15      3     57
   452        100    140    116   1003        100     97      4    784        100     14      3     57
   453        100    138    116    541        100     91      4    247        100     15      3    148
   454        100    135    115    513        100     90      4    296        100     15      3     57
   455        100    137    115    491        100     92      5    286        100     14      3     57
   456        100    137    115    519        100     90      4    308        100     16      3     87
   457        100    135    115    492        100     92      5    277        100     15      3    156
   458        100    133    115    488        100     92      4    246        100     14      3     57
   459        100    137    116    491        100     93      4    292        100     15      3     99
   460        100    140    116    550        100     94      4    393        100     15      3     69
   461        100    134    116    451        100     89      4    167        100     15      3     58
   462        100    136    116    494        100     92      4    296        100     15      3     67
   463        100    134    116    440        100     90      4    192        100     14      3     67
   464        100    135    115    535        100     92      4    336        100     14      3     57
   465        100    134    116    452        100     90      4    184        100     15      3     66
   466        100    143    116    671        100     92      4    275        100     19      3    397
   467        100    139    116    627        100     91      4    193        100     14      3     58
   468        100    135    116    511        100     92      5    307        100     14      3     58
   469        100    134    116    577        100     89      4    158        100     15      3     57
   470        100    136    115    629        100     92      4    278        100     14      3     57
   471        100    136    116    555        100     91      4    270        100     15      3     58
   472        100    138    116    511        100     94      4    332        100     15      3     70
   473        100    135    115    484        100     91      4    289        100     16      3    175
   474        100    134    115    491        100     91      5    291        100     15      3     63
   475        100    135    115    490        100     88      4    274        100     14      3     57
   476        100    136    116    517        100     93      4    300        100     15      3     78
   477        100    159    115   2796        100     92      4    225        100     15      3    122
   478        100    136    116    544        100     91      4    325        100     16      3     68
   479        100    134    116    483        100     92      5    289        100     14      3     65
   480        100    137    115    613        100     92      4    363        100     15      3     64
   481        100    136    115    505        100     92      4    276        100     15      3    179
   482        100    134    115    492        100     91      4    249        100     15      3     80
   483        100    138    115    486        100     91      4    287        100     15      3     57
   484        100    135    116    446        100     87      4    161        100     16      3    115
   485        100    137    116    500        100     94      4    304        100     14      3     57
   486        100    135    116    523        100     91      4    309        100     16      3    101
   487        100    137    116    501        100     94      4    285        100     14      3     57
   488        100    135    115    517        100     92      4    302        100     14      3     58
   489        100    142    116    517        100     92      4    286        100     16      3     58
   490        100    137    116    673        100     91      4    414        100     15      3     57
   491        100    136    116    514        100     92      4    302        100     15      3     58
   492        100    134    116    473        100     90      4    190        100     15      3     58
   493        100    136    116    490        100     91      4    274        100     16      3    112
   494        100    140    116    666        100     94      4    655        100     15      3     67
   495        100    145    115    591        100     97      4    578        100     16      3    126
   496        100    137    116    611        100     90      4    177        100     15      3     57
   497        100    139    115    505        100     95      4    384        100     15      3     67
   498        100    136    115    487        100     92      4    313        100     14      3     57
   499        100    136    116    526        100     91      4    325        100     15      3    117
   500        100    135    116    463        100     90      4    172        100     15      3     67
   501        100    140    115    569        100     95      4    557        100     15      3     58
   502        100    141    116    458        100     94      4    333        100     17      3    201
   503        100    136    115    524        100     91      4    303        100     15      3     87
   504        100    134    116    449        100     90      4    164        100     15      3     57
   505        100    137    115    498        100     90      4    287        100     16      3    154
   506        100    139    116    569        100     95      4    556        100     14      3     57
   507        100    138    116    505        100     93      4    302        100     15      3     72
   508        100    134    116    454        100     89      4    166        100     15      3     57
   509        100    159    116   2834        100     92      4    288        100     15      3     57
   510        100    136    115    518        100     93      4    311        100     15      3    151
   511        100    136    116    513        100     90      4    292        100     16      3     65
   512        100    136    116    624        100     90      4    373        100     15      3     76
   513        100    138    116    851        100     89      4    313        100     14      3     57
   514        100    136    116    489        100     91      4    290        100     15      3     65
   515        100    134    116    498        100     91      4    276        100     14      3     57
   516        100    137    115    520        100     92      4    289        100     15      3     57
   517        100    135    115    487        100     92      5    289        100     15      3     63
   518        100    136    116    510        100     94      4    333        100     14      3     69
   519        100    140    116    686        100     90      4    285        100     15      3     66
   520        100    135    115    546        100     92      5    346        100     15      3     70
   521        100    135    116    492        100     91      4    274        100     15      3     65
   522        100    135    116    495        100     92      4    281        100     14      3     57
   523        100    134    116    568        100     90      4    248        100     15      3     57
   524        100    139    116    753        100     89      4    363        100     16      3    132
   525        100    137    116    511        100     90      4    295        100     18      3    320
   526        100    136    116    494        100     90      4    295        100     15      3     66
   527        100    139    116    543        100     97      5    476        100     14      3     58
   528        100    137    116    598        100     92      4    364        100     15      3     58
   529        100    138    116    513        100     96      4    375        100     14      3     67
   530        100    135    116    531        100     91      4    241        100     15      3     66
   531        100    136    116    499        100     90      4    284        100     17      3    164
   532        100    136    116    494        100     92      4    286        100     15      3     95
   533        100    136    116    487        100     91      4    288        100     15      3     57
   534        100    135    116    543        100     91      4    319        100     15      3    104
   535        100    135    116    508        100     91      4    233        100     14      3     57
   536        100    135    115    507        100     90      4    308        100     15      3     68
   537        100    142    116    658        100     92      4    286        100     21      3    510
   538        100    137    116    544        100     91      4    324        100     15      3     64
   539        100    133    116    491        100     92      4    292        100     14      3     58
   540        100    134    115    509        100     91      4    250        100     15      3    108
   541        100    167    115   3191        100     92      4    286        100     18      3    304
   542        100    135    116    505        100     92      4    290        100     15      3     67
   543        100    137    116    518        100     91      5    292        100     15      3     58
   544        100    138    116    622        100     93      4    360        100     15      3     70
   545        100    136    115    578        100     91      4    301        100     16      3    169
   546        100    137    115    517        100     91      4    300        100     16      3    179
   547        100    141    115    484        100     98      4    318        100     15      3     99
   548        100    137    116    576        100     91      4    352        100     16      3    136
   549        100    160    115   2736        100    113      4   2406        100     15      3    135
   550        100    135    116    535        100     91      4    254        100     15      3     66
   551        100    137    116    488        100     93      4    289        100     15      3     67
   552        100    144    115    606        100     97      4    593        100     16      3    206
   553        100    138    116    587        100     92      5    352        100     16      3    126
   554        100    135    116    489        100     91      4    290        100     15      3    115
   555        100    136    116    573        100     92      4    277        100     14      3     57
   556        100    138    116    609        100     91      4    276        100     15      3     62
   557        100    135    115    514        100     92      4    298        100     15      3     57
   558        100    146    116    522        100     89      4    281        100     19      3    436
   559        100    148    115    699        100    104      4    686        100     15      3     68
   560        100    139    116    538        100     94      4    317        100     15      3     65
   561        100    135    115    513        100     93      4    299        100     14      3     66
   562        100    135    116    515        100     92      4    253        100     14      3     57
   563        100    144    115    883        100     96      4    665        100     17      3    254
   564        100    135    116    519        100     92      4    300        100     14      3     57
   565        100    136    116    562        100     93      4    263        100     14      3     57
   566        100    140    116    607        100     90      4    290        100     16      3    125
   567        100    135    116    506        100     91      4    293        100     16      3    126
   568        100    136    115    488        100     90      4    289        100     16      3     91
   569        100    135    116    518        100     92      4    286        100     14      3     68
   570        100    137    116    520        100     94      4    343        100     14      3     65
   571        100    137    116    491        100     91      4    291        100     15      3     67
   572        100    135    116    505        100     92      4    289        100     14      3     57
   573        100    165    116   3337        100     94      4    367        100     14      3     57
   574        100    135    116    503        100     92      4    286        100     14      3     64
   575        100    139    116    530        100     96      4    337        100     15      3     61
   576        100    137    115    621        100     91      4    367        100     15      3     57
   577        100    134    115    487        100     91      4    275        100     14      3     57
   578        100    135    116    494        100     89      4    280        100     16      3    114
   579        100    137    115    485        100     92      4    287        100     14      3     57
   580        100    136    115    564        100     91      4    253        100     17      3    175
   581        100    141    116    842        100     91      4    356        100     15      3     57
   582        100    135    116    492        100     93      4    280        100     14      3     58
   583        100    135    115    521        100     90      4    321        100     15      3     57
   584        100    135    116    495        100     91      4    296        100     15      3     99
   585        100    135    115    506        100     89      4    234        100     15      3    123
   586        100    138    116    497        100     94      4    354        100     15      3     57
   587        100    135    115    522        100     90      4    259        100     15      3    118
   588        100    148    116    886        100    101      4    875        100     16      3     67
   589        100    136    115    552        100     93      4    337        100     14      3     86
   590        100    135    115    569        100     90      5    291        100     16      3     66
   591        100    136    115    610        100     93      4    347        100     14      3     67
   592        100    136    116    510        100     90      4    294        100     15      3     57
   593        100    134    116    495        100     91      4    283        100     15      3     67
   594        100    136    115    505        100     90      4    300        100     15      3     78
   595        100    135    116    491        100     92      4    276        100     14      3     66
   596        100    135    116    499        100     91      4    241        100     15      3     84
   597        100    139    116    515        100     91      5    289        100     15      3     57
   598        100    138    116    524        100     91      4    294        100     18      3    407
   599        100    137    116    505        100     90      4    289        100     16      3    122
