# PING PONG measurements (in us)
# Executed at: 14741.267537
#           Roundtrip time [us]             Write-access time [us]          Read-access time [us]
# Block     Count   mean    min    max      Count   mean    min    max      Count   mean    min    max
     2        100 605.89    126  35521        100   88.5     16    909          0      0      0      0
     3        100 255.55    126   1369        100  74.46     16    456          0      0      0      0
     4        100 235.81    125    897        100  80.02     16    491          0      0      0      0
     5        100 244.65    126   1696        100  76.89     16    963          0      0      0      0
     6        100 238.62    126   1019        100  78.13     16    558          0      0      0      0
     7        100 239.79    126   1285        100  82.17     16   1040          0      0      0      0
     8        100 235.63    125   1157        100  74.03     16    466          0      0      0      0
     9        100  235.3    126    821        100  80.39     16    792          0      0      0      0
    10        100 234.34    125   1005        100  82.79     16    985          0      0      0      0
    11        100 218.35    125    721        100  72.32     16    451          0      0      0      0
    12        100 224.94    125    733        100  76.32     16    455          0      0      0      0
    13        100 209.67    125    799        100  69.82     16    347          0      0      0      0
    14        100 213.98    125    895        100  68.89     16    510          0      0      0      0
    15        100  256.3    126   2274        100  71.93     16    433          0      0      0      0
    16        100 225.97    125    957        100  65.67     16    377          0      0      0      0
    17        100 209.21    125    717        100  58.86     16    448          0      0      0      0
    18        100 215.62    125    810        100  70.16     16    508          0      0      0      0
    19        100  242.1    125   1388        100  71.05     16    809          0      0      0      0
    20        100  245.3    126   1392        100  79.95     16    523          0      0      0      0
    21        100 215.33    125    691        100  66.96     16    349          0      0      0      0
    22        100 220.66    125    789        100   74.1     16    430          0      0      0      0
    23        100  233.3    125   1262        100  72.85     16    468          0      0      0      0
    24        100 226.67    125    910        100  78.93     16    889          0      0      0      0
    25        100 244.87    126   1052        100  78.41     16    467          0      0      0      0
    26        100 246.16    126   1196        100  71.19     16    448          0      0      0      0
    27        100 242.54    125   1868        100  72.23     16    477          0      0      0      0
    28        100 334.07    125   9835        100 167.09     16   9663          0      0      0      0
    29        100 248.13    125   1114        100  81.59     16    594          0      0      0      0
    30        100 270.54    126   1378        100  91.27     16    774          0      0      0      0
    31        100 249.24    125    950        100  87.24     16    561          0      0      0      0
    32        100 255.37    126    996        100  74.16     16    511          0      0      0      0
    33        100 260.41    126   2464        100  78.29     16    431          0      0      0      0
    34        100 264.23    126    996        100  80.88     16    510          0      0      0      0
    35        100 249.92    126    913        100  83.75     16    590          0      0      0      0
    36        100 258.09    126   1604        100  74.37     16    492          0      0      0      0
    37        100 231.84    126    926        100  82.68     16    689          0      0      0      0
    38        100 227.98    126    818        100   75.9     16    701          0      0      0      0
    39        100 227.24    126    932        100  71.43     16    439          0      0      0      0
    40        100 249.78    126    987        100  79.47     16    526          0      0      0      0
    41        100 240.11    126    946        100  76.64     16    661          0      0      0      0
    42        100 263.85    126   1091        100  84.05     16    556          0      0      0      0
    43        100 271.59    126   1938        100  80.23     16    550          0      0      0      0
    44        100 258.78    126    916        100  78.97     16    767          0      0      0      0
    45        100 264.83    126   1313        100  85.41     16   1026          0      0      0      0
    46        100 243.78    125    967        100  81.91     16    722          0      0      0      0
    47        100 282.45    126   2178        100  86.28     16    672          0      0      0      0
    48        100 272.58    126   1104        100  87.05     16    596          0      0      0      0
    49        100 262.91    126   1545        100  76.63     16    491          0      0      0      0
    50        100 680.43    126  27065        100  86.46     16    848          0      0      0      0
    51        100 275.09    126    872        100  93.69     16    634          0      0      0      0
    52        100 268.24    126    974        100  79.11     16    505          0      0      0      0
    53        100 281.06    126    895        100   97.3     16    716          0      0      0      0
    54        100 282.84    126    988        100  91.61     16    822          0      0      0      0
    55        100 278.72    126   1019        100  93.73     16    678          0      0      0      0
    56        100 250.14    126    933        100  72.63     16    468          0      0      0      0
    57        100 257.38    125    965        100  83.99     16    508          0      0      0      0
    58        100 254.26    126    991        100  79.82     16    671          0      0      0      0
    59        100 243.41    126    955        100  77.94     16    448          0      0      0      0
    60        100 261.53    126   1777        100  77.39     16    470          0      0      0      0
    61        100 256.52    126   1110        100   82.1     16    462          0      0      0      0
    62        100 434.55    126  18749        100 269.53     16  18714          0      0      0      0
    63        100 249.61    126    862        100  78.67     16    523          0      0      0      0
    64        100 281.14    126   1984        100  77.79     16    449          0      0      0      0
    65        100 278.97    126   2539        100 104.75     16   2219          0      0      0      0
    66        100 277.98    126   1370        100  85.19     16    561          0      0      0      0
    67        100  275.7    126   1193        100  88.29     16    664          0      0      0      0
    68        100 283.26    126    890        100  91.62     16    737          0      0      0      0
    69        100 288.58    126   1055        100  98.57     16    649          0      0      0      0
    70        100 287.68    126   1264        100  90.58     16    683          0      0      0      0
    71        100 285.73    126   1469        100  90.72     16    567          0      0      0      0
    72        100 264.11    126   1323        100  79.45     16    599          0      0      0      0
    73        100 421.19    126   8993        100  75.88     15    703          0      0      0      0
    74        100 163.86    127    511        100  74.71     15    208          0      0      0      0
    75        100 191.39    133    774        100  82.95     15    221          0      0      0      0
    76        100 258.93    126  10071        100  71.45     15    377          0      0      0      0
    77        100 151.44    126    502        100   69.6     15    360          0      0      0      0
    78        100 150.88    126    607        100  65.06     15    239          0      0      0      0
    79        100  154.6    123    523        100  70.13     15    228          0      0      0      0
    80        100 152.95    133    514        100  68.82     15    223          0      0      0      0
    81        100 145.85    126    529        100  66.42     15    205          0      0      0      0
    82        100 169.53    127    476        100  79.52     15    217          0      0      0      0
    83        100 170.86    126    580        100  71.52     15    211          0      0      0      0
    84        100 153.27    126    596        100  68.09     15    275          0      0      0      0
    85        100 171.47    124    482        100  77.39     15    245          0      0      0      0
    86        100 152.67    133    689        100   69.5     15    238          0      0      0      0
    87        100 151.65    124    735        100  68.21     15    357          0      0      0      0
    88        100 157.84    133    684        100  70.32     15    201          0      0      0      0
    89        100 161.23    124    667        100  73.43     15    422          0      0      0      0
    90        100 171.77    133    697        100  77.33     15    263          0      0      0      0
    91        100 146.16    124    496        100  66.45     15    214          0      0      0      0
    92        100 149.22    124    512        100  67.98     15    492          0      0      0      0
    93        100  158.6    133    544        100  76.82     15    307          0      0      0      0
    94        100 157.94    126    794        100  68.16     15    276          0      0      0      0
    95        100 146.02    126    503        100  64.72     15    222          0      0      0      0
    96        100 152.38    133    510        100  72.03     15    406          0      0      0      0
    97        100 166.36    126   2489        100  82.86     15   2161          0      0      0      0
    98        100 156.27    133   1072        100   76.5     15    708          0      0      0      0
    99        100 149.51    124    584        100  64.75     15    299          0      0      0      0
   100        100  145.6    124    482        100  64.28     15    221          0      0      0      0
   101        100 170.21    133    541        100  75.64     15    220          0      0      0      0
   102        100 158.58    124    741        100  73.92     15    443          0      0      0      0
   103        100 151.99    124    516        100  68.49     15    314          0      0      0      0
   104        100 147.61    133    541        100  68.18     15    200          0      0      0      0
   105        100 153.04    124    510        100  66.69     15    272          0      0      0      0
   106        100 177.31    133    860        100  83.61     15    400          0      0      0      0
   107        100 147.68    125    587        100   64.8     15    290          0      0      0      0
   108        100 156.27    133    528        100  70.31     15    197          0      0      0      0
   109        100 161.75    126    885        100   68.5     15    401          0      0      0      0
   110        100 151.05    133    605        100  69.17     15    195          0      0      0      0
   111        100 160.36    124    513        100  71.04     15    213          0      0      0      0
   112        100 162.75    133    537        100  74.82     15    215          0      0      0      0
   113        100 162.15    126    834        100  73.19     15    482          0      0      0      0
   114        100 151.46    133    505        100  69.61     15    179          0      0      0      0
   115        100 147.42    125    544        100  65.92     15    261          0      0      0      0
   116        100 155.27    133    679        100  74.48     15    660          0      0      0      0
   117        100 148.25    124    568        100  70.57     15    286          0      0      0      0
   118        100 151.94    124    535        100  66.07     15    219          0      0      0      0
   119        100  155.8    124    524        100  68.94     15    364          0      0      0      0
   120        100 146.01    123    546        100  66.54     15    233          0      0      0      0
   121        100 151.68    123    707        100  70.59     15    388          0      0      0      0
   122        100 161.44    124   1038        100  68.08     15    244          0      0      0      0
   123        100 148.36    123    561        100  67.65     15    276          0      0      0      0
   124        100 156.59    123    530        100  76.49     15    508          0      0      0      0
   125        100  150.4    124    538        100  69.23     15    232          0      0      0      0
   126        100 147.21    133    498        100  69.69     15    208          0      0      0      0
   127        100 151.15    126    538        100  66.23     15    181          0      0      0      0
   128        100 146.84    126    515        100  66.73     15    254          0      0      0      0
   129        100 176.15    124   2837        100  94.05     15   2525          0      0      0      0
   130        100  155.2    133    601        100  75.06     15    478          0      0      0      0
   131        100 164.91    124    570        100  75.54     15    346          0      0      0      0
   132        100 178.75    134    711        100  82.93     15    217          0      0      0      0
   133        100 148.31    124    485        100  65.02     15    205          0      0      0      0
   134        100 147.22    126    517        100  64.11     15    235          0      0      0      0
   135        100 163.07    134    505        100  72.79     15    218          0      0      0      0
   136        100  179.1    126    642        100  78.05     15    307          0      0      0      0
   137        100  183.5    133    866        100   84.7     15    365          0      0      0      0
   138        100 177.18    126    599        100  82.35     15    294          0      0      0      0
   139        100 185.45    126    728        100   78.1     15    320          0      0      0      0
   140        100 189.29    124    855        100  84.25     15    356          0      0      0      0
   141        100 178.99    134    522        100  84.22     15    230          0      0      0      0
   142        100 180.34    126    609        100  85.67     15    589          0      0      0      0
   143        100 183.39    126    676        100  84.86     15    369          0      0      0      0
   144        100 184.28    126    752        100  81.12     15    436          0      0      0      0
   145        100 172.62    126    546        100     78     15    322          0      0      0      0
   146        100 159.74    127    500        100  74.47     15    356          0      0      0      0
   147        100 155.16    133    512        100  74.37     15    493          0      0      0      0
   148        100 174.93    124    629        100  82.67     15    385          0      0      0      0
   149        100 188.79    134    846        100  89.15     15    411          0      0      0      0
   150        100 176.53    126    685        100  78.12     15    666          0      0      0      0
   151        100 182.18    133    913        100  85.85     15    426          0      0      0      0
   152        100 164.36    126    722        100  69.96     15    387          0      0      0      0
   153        100 187.15    133    709        100  91.61     15    678          0      0      0      0
   154        100 179.66    126    639        100  81.86     15    319          0      0      0      0
   155        100 181.32    124    489        100  80.59     15    315          0      0      0      0
   156        100 174.34    126    719        100  73.35     15    198          0      0      0      0
   157        100 165.92    126    517        100  79.57     15    322          0      0      0      0
   158        100 184.06    127    721        100  84.19     15    300          0      0      0      0
   159        100 174.75    129    820        100  78.49     15    192          0      0      0      0
   160        100 153.65    126    745        100  72.41     15    434          0      0      0      0
   161        100 204.76    133   2893        100 111.19     15   2484          0      0      0      0
   162        100 189.47    126   1186        100  79.44     15    257          0      0      0      0
   163        100 178.64    124    524        100   81.2     15    224          0      0      0      0
   164        100 166.82    126    931        100  71.36     15    310          0      0      0      0
   165        100 184.77    130    692        100   85.5     15    385          0      0      0      0
   166        100 181.19    133    516        100  85.62     15    223          0      0      0      0
   167        100 173.63    123    685        100  78.88     15    497          0      0      0      0
   168        100 167.07    124    671        100  70.47     15    289          0      0      0      0
   169        100 149.28    126    518        100  67.21     15    233          0      0      0      0
   170        100 177.38    126    864        100   82.8     15    551          0      0      0      0
   171        100 184.68    126    625        100  79.66     15    390          0      0      0      0
   172        100 176.47    134    524        100  82.46     15    215          0      0      0      0
   173        100  171.8    126    733        100  75.16     15    387          0      0      0      0
   174        100 150.82    126    746        100  64.89     15    224          0      0      0      0
   175        100 163.69    126    507        100  76.98     15    302          0      0      0      0
   176        100 185.62    126    589        100  86.77     15    402          0      0      0      0
   177        100  170.8    124    922        100  73.43     15    369          0      0      0      0
   178        100 151.82    133    518        100  68.96     15    181          0      0      0      0
   179        100 147.54    124    528        100  65.94     15    305          0      0      0      0
   180        100 148.28    133    774        100  71.76     15    380          0      0      0      0
   181        100 174.07    124    651        100  77.97     15    314          0      0      0      0
   182        100 177.41    133    714        100  80.59     15    272          0      0      0      0
   183        100 183.84    126   1033        100  72.64     15    280          0      0      0      0
   184        100 191.67    133    788        100   94.6     15    677          0      0      0      0
   185        100 191.43    126   1008        100  79.73     15    356          0      0      0      0
   186        100 182.41    133    699        100  86.37     15    358          0      0      0      0
   187        100 177.31    126    953        100  78.55     15    524          0      0      0      0
   188        100 182.54    126    625        100  88.93     15    337          0      0      0      0
   189        100 178.57    133    871        100  84.13     15    399          0      0      0      0
   190        100  187.6    134    683        100  85.04     15    199          0      0      0      0
   191        100  165.2    124    517        100  72.91     15    214          0      0      0      0
   192        100 180.55    126    694        100  83.08     15    491          0      0      0      0
   193        100 211.91    134   3585        100 114.76     15   3075          0      0      0      0
   194        100 176.83    125    762        100  77.49     15    344          0      0      0      0
   195        100 181.16    126    635        100  80.59     15    614          0      0      0      0
   196        100 184.41    126    571        100  84.32     15    250          0      0      0      0
   197        100 161.76    129    725        100  75.83     15    346          0      0      0      0
   198        100 167.42    129    791        100  73.81     15    487          0      0      0      0
   199        100 172.11    133    532        100  79.71     15    209          0      0      0      0
   200        100 184.74    124    677        100  89.23     15    336          0      0      0      0
   201        100  178.6    123    797        100  78.88     15    365          0      0      0      0
   202        100 165.53    126    503        100  74.32     15    205          0      0      0      0
   203        100 187.58    127    686        100  89.36     15    667          0      0      0      0
   204        100 179.52    133    802        100  85.91     15    429          0      0      0      0
   205        100 186.12    126    884        100  85.55     15    466          0      0      0      0
   206        100 184.74    126    619        100  84.62     15    497          0      0      0      0
   207        100 196.58    124    904        100  93.04     15    869          0      0      0      0
   208        100 189.58    133    713        100  92.03     15    351          0      0      0      0
   209        100 188.02    127    525        100  84.23     15    221          0      0      0      0
   210        100 190.86    127   1068        100  92.03     15    692          0      0      0      0
   211        100 188.94    127    807        100  82.07     15    327          0      0      0      0
   212        100 177.24    133    965        100  77.21     15    462          0      0      0      0
   213        100 193.22    127    738        100   89.2     15    708          0      0      0      0
   214        100 182.15    126    682        100  85.46     15    357          0      0      0      0
   215        100  189.9    126    726        100  85.14     15    413          0      0      0      0
   216        100  187.9    133    769        100  90.64     15    521          0      0      0      0
   217        100  183.1    126    724        100  84.85     15    295          0      0      0      0
   218        100 184.48    126    721        100  89.05     15    605          0      0      0      0
   219        100 194.47    127   1284        100  76.71     15    343          0      0      0      0
   220        100 176.13    133    707        100  84.17     15    265          0      0      0      0
   221        100 189.77    126    727        100  86.63     15    323          0      0      0      0
   222        100 168.21    126    638        100  75.37     15    313          0      0      0      0
   223        100 148.19    126    480        100   64.7     15    181          0      0      0      0
   224        100  162.9    124    781        100  75.12     15    320          0      0      0      0
   225        100 210.82    124   2854        100  119.5     15   2554          0      0      0      0
   226        100 182.67    126   1056        100  83.47     15    547          0      0      0      0
   227        100 188.88    126    923        100  84.67     15    578          0      0      0      0
   228        100 196.42    130    960        100  94.98     15    934          0      0      0      0
   229        100    176    126    561        100  79.57     15    258          0      0      0      0
   230        100 188.63    126    841        100  82.68     15    493          0      0      0      0
   231        100 182.34    126    520        100  77.79     15    239          0      0      0      0
   232        100 183.22    124    961        100  86.83     15    606          0      0      0      0
   233        100  176.7    133    670        100  80.85     15    306          0      0      0      0
   234        100 158.32    126    498        100   72.4     15    317          0      0      0      0
   235        100 186.24    127    713        100  80.29     15    194          0      0      0      0
   236        100 187.91    126    659        100  86.84     15    348          0      0      0      0
   237        100 197.37    126   1019        100  88.83     15    620          0      0      0      0
   238        100 196.91    127    931        100  89.22     15    644          0      0      0      0
   239        100 185.41    133    708        100  80.64     15    320          0      0      0      0
   240        100 176.51    126   1857        100  66.61     15    317          0      0      0      0
   241        100 182.71    126    518        100  80.02     15    234          0      0      0      0
   242        100 184.29    126    735        100   80.3     15    288          0      0      0      0
   243        100 184.51    126    690        100  85.77     15    403          0      0      0      0
   244        100 164.74    133   1554        100  79.79     15    986          0      0      0      0
   245        100 171.87    124    485        100  73.44     15    207          0      0      0      0
   246        100 193.43    133    792        100  89.84     15    282          0      0      0      0
   247        100  179.6    126    740        100  76.81     15    320          0      0      0      0
   248        100 184.97    126    501        100  83.57     15    358          0      0      0      0
   249        100 184.87    126    640        100  86.02     15    621          0      0      0      0
   250        100 196.13    126    860        100  77.27     15    227          0      0      0      0
   251        100 184.08    126    637        100  85.15     15    410          0      0      0      0
   252        100 190.77    126    788        100   84.6     15    450          0      0      0      0
   253        100 183.44    126    604        100  86.12     15    298          0      0      0      0
   254        100 184.65    126   1032        100   89.6     15    607          0      0      0      0
   255        100 165.94    126    720        100  76.58     15    374          0      0      0      0
   256        100 189.36    126    672        100  89.04     15    617          0      0      0      0
   257        100 212.97    127   3092        100 108.89     15   2761          0      0      0      0
   258        100    180    133    869        100  89.47     15    363          0      0      0      0
   259        100 190.58    126    683        100  80.93     15    217          0      0      0      0
   260        100 192.69    134   1195        100  86.58     15   1167          0      0      0      0
   261        100 179.34    126    797        100  81.66     15    366          0      0      0      0
   262        100 190.52    126    838        100  88.51     15    544          0      0      0      0
   263        100 193.22    134    780        100  85.14     15    277          0      0      0      0
   264        100 186.97    134    708        100  85.27     15    549          0      0      0      0
   265        100 169.64    133    533        100  81.24     15    323          0      0      0      0
   266        100  184.8    123    696        100  81.99     15    247          0      0      0      0
   267        100 188.22    126    635        100  80.31     15    460          0      0      0      0
   268        100 180.65    126    674        100  81.84     15    301          0      0      0      0
   269        100  193.6    126    755        100  83.59     15    717          0      0      0      0
   270        100 183.38    127    729        100   81.1     15    260          0      0      0      0
   271        100 191.67    133    902        100  89.97     15    318          0      0      0      0
   272        100 189.25    126    592        100  88.38     15    443          0      0      0      0
   273        100 184.14    126    679        100   82.4     15    209          0      0      0      0
   274        100 188.68    133    678        100  87.22     15    223          0      0      0      0
   275        100 190.44    133    841        100  89.67     15    383          0      0      0      0
   276        100 150.21    126    509        100  65.54     15    206          0      0      0      0
   277        100 152.06    126    497        100  69.92     15    222          0      0      0      0
   278        100 192.59    123    809        100  92.58     15    325          0      0      0      0
   279        100 184.07    133    624        100  87.11     15    226          0      0      0      0
   280        100 196.27    126   1173        100     89     15    737          0      0      0      0
   281        100 190.31    127    551        100  88.09     15    298          0      0      0      0
   282        100  175.1    126    546        100  76.46     15    205          0      0      0      0
   283        100 196.99    126   1346        100  80.46     15    458          0      0      0      0
   284        100 195.03    133    980        100  92.34     15    559          0      0      0      0
   285        100 182.44    126    653        100   82.3     15    295          0      0      0      0
   286        100 182.27    133   1019        100  84.46     15    564          0      0      0      0
   287        100 159.77    126    549        100  74.03     15    321          0      0      0      0
   288        100 194.22    127    674        100  87.94     15    304          0      0      0      0
   289        100 212.56    132   3037        100 110.22     15   2671          0      0      0      0
   290        100 190.79    126   1092        100  84.96     15    557          0      0      0      0
   291        100  188.2    127    757        100  84.61     15    387          0      0      0      0
   292        100 189.22    126    821        100  76.02     15    251          0      0      0      0
   293        100 185.06    123    690        100  87.16     15    357          0      0      0      0
   294        100 190.45    133    626        100  86.54     15    524          0      0      0      0
   295        100 193.44    126   1254        100  92.94     15    833          0      0      0      0
   296        100  186.6    126    779        100  79.71     15    749          0      0      0      0
   297        100 171.87    123   1768        100  87.07     15   1607          0      0      0      0
   298        100 171.22    133    584        100  82.94     15    358          0      0      0      0
   299        100 189.17    126    872        100  86.65     15    547          0      0      0      0
   300        100 183.98    126    513        100  85.62     15    330          0      0      0      0
   301        100 193.04    126    655        100  83.45     15    228          0      0      0      0
   302        100 196.03    134    805        100  78.03     15    338          0      0      0      0
   303        100 170.16    126    748        100  72.24     15    317          0      0      0      0
   304        100  260.8    127   7748        100  84.81     15    360          0      0      0      0
   305        100 199.87    134    712        100   92.8     15    552          0      0      0      0
   306        100 190.28    133    600        100   93.6     15    545          0      0      0      0
   307        100 188.16    127    629        100  83.33     15    345          0      0      0      0
   308        100 183.24    123    649        100  79.59     15    316          0      0      0      0
   309        100 179.46    126    669        100  83.99     15    649          0      0      0      0
   310        100 183.02    134    697        100  86.28     15    312          0      0      0      0
   311        100 189.59    126    482        100  84.43     15    362          0      0      0      0
   312        100 196.68    126    806        100  84.31     15    539          0      0      0      0
   313        100 196.25    134   1011        100  84.82     15    290          0      0      0      0
   314        100 188.53    126    725        100   83.9     15    342          0      0      0      0
   315        100 197.93    126   1040        100  85.88     15    492          0      0      0      0
   316        100 184.26    126    494        100  80.12     15    251          0      0      0      0
   317        100 182.36    129    684        100  78.59     15    249          0      0      0      0
   318        100 185.07    134    574        100  87.02     15    252          0      0      0      0
   319        100 191.17    124    726        100  84.34     15    693          0      0      0      0
   320        100 183.25    126    724        100  83.92     15    288          0      0      0      0
   321        100 214.48    134   3348        100 111.49     15   2888          0      0      0      0
   322        100 168.13    130    727        100  72.33     15    388          0      0      0      0
   323        100 187.24    124    665        100   81.9     15    221          0      0      0      0
   324        100 173.08    134   1114        100  82.63     15    486          0      0      0      0
   325        100 185.13    124    662        100  82.21     15    352          0      0      0      0
   326        100 186.73    134   1104        100  86.77     15    340          0      0      0      0
   327        100 193.97    126    756        100  78.04     15    282          0      0      0      0
   328        100 165.46    134   1027        100  79.41     15    718          0      0      0      0
   329        100 173.69    133    540        100  79.77     15    210          0      0      0      0
   330        100 199.28    126    658        100  89.17     15    427          0      0      0      0
   331        100 184.58    134    746        100  85.44     15    307          0      0      0      0
   332        100 192.26    127    659        100  86.34     15    451          0      0      0      0
   333        100 198.75    126   1336        100  91.41     15    753          0      0      0      0
   334        100 185.15    134    636        100  79.95     15    196          0      0      0      0
   335        100 151.67    133    503        100  70.66     15    281          0      0      0      0
   336        100 157.11    124    659        100  66.88     15    243          0      0      0      0
   337        100 161.03    126    520        100  74.04     15    213          0      0      0      0
   338        100 180.59    126    744        100  85.33     15    281          0      0      0      0
   339        100 190.27    126   2258        100  75.69     15    308          0      0      0      0
   340        100 165.32    126    614        100  74.57     15    277          0      0      0      0
   341        100 156.29    127    723        100  71.85     15    233          0      0      0      0
   342        100 179.09    133    617        100  84.67     15    188          0      0      0      0
   343        100 192.78    126    612        100 100.09     15    579          0      0      0      0
   344        100 190.06    133    643        100  86.29     15    617          0      0      0      0
   345        100 154.86    126    616        100   66.9     15    260          0      0      0      0
   346        100  158.2    124    506        100  65.21     15    224          0      0      0      0
   347        100 163.65    133    711        100  78.03     15    336          0      0      0      0
   348        100 153.72    126    722        100   69.2     15    369          0      0      0      0
   349        100 170.95    126    479        100  76.93     15    233          0      0      0      0
   350        100    157    127    760        100  70.65     15    328          0      0      0      0
   351        100 165.44    126    709        100  77.85     15    435          0      0      0      0
   352        100 150.09    125    503        100  65.46     15    222          0      0      0      0
   353        100 209.84    134   3403        100 109.47     15   2716          0      0      0      0
   354        100  169.1    126    937        100   79.4     15    909          0      0      0      0
   355        100 185.81    134    689        100  86.06     15    384          0      0      0      0
   356        100 193.63    124    960        100  80.86     15    225          0      0      0      0
   357        100 192.85    126    832        100  88.32     15    440          0      0      0      0
   358        100 175.29    134    537        100  80.68     15    352          0      0      0      0
   359        100 174.05    126    501        100  75.61     15    219          0      0      0      0
   360        100 158.61    126    491        100  71.84     15    239          0      0      0      0
   361        100 160.55    129    637        100  77.64     15    618          0      0      0      0
   362        100 156.64    127    597        100  74.13     15    403          0      0      0      0
   363        100 182.88    126    755        100  90.69     15    725          0      0      0      0
   364        100 193.62    126    700        100  87.82     15    270          0      0      0      0
   365        100 176.47    134    849        100  82.48     15    337          0      0      0      0
   366        100 170.64    126    687        100  76.05     15    654          0      0      0      0
   367        100 161.88    127    755        100  70.78     15    348          0      0      0      0
   368        100 154.38    133    496        100   73.7     15    206          0      0      0      0
   369        100  196.7    126    650        100  84.97     15    195          0      0      0      0
   370        100 149.14    126    525        100  64.63     16    205          0      0      0      0
   371        100 148.41    133    520        100  69.11     15    208          0      0      0      0
   372        100 155.27    126    477        100  72.09     15    319          0      0      0      0
   373        100 148.68    126    517        100  66.05     15    213          0      0      0      0
   374        100  145.7    126    509        100  64.32     15    184          0      0      0      0
   375        100 146.59    124    512        100  67.57     15    197          0      0      0      0
   376        100 152.76    133    503        100  67.92     15    211          0      0      0      0
   377        100 149.11    126    504        100  67.78     15    201          0      0      0      0
   378        100 148.42    126    571        100  67.36     15    269          0      0      0      0
   379        100 158.18    126    634        100  63.93     15    181          0      0      0      0
   380        100 177.66    123   1234        100  77.67     15    272          0      0      0      0
   381        100 190.31    134    979        100  88.28     15    409          0      0      0      0
   382        100 194.39    126    788        100  83.84     15    223          0      0      0      0
   383        100 149.95    126    513        100   70.2     15    350          0      0      0      0
   384        100 145.61    126    478        100  63.41     15    179          0      0      0      0
   385        100 210.33    134   3688        100 109.59     15   3248          0      0      0      0
   386        100 154.21    127    633        100  68.18     15    401          0      0      0      0
   387        100 184.99    127   1196        100  72.43     15    473          0      0      0      0
   388        100 160.99    126    712        100  72.02     15    398          0      0      0      0
   389        100 164.38    126    485        100  75.69     15    257          0      0      0      0
   390        100 156.77    127    573        100  67.83     15    486          0      0      0      0
   391        100 170.45    126    680        100  74.51     15    336          0      0      0      0
   392        100 161.98    134    515        100  72.74     15    194          0      0      0      0
   393        100 192.82    126    989        100  88.41     15    959          0      0      0      0
   394        100 148.26    126    513        100  68.33     15    425          0      0      0      0
   395        100 161.52    126    530        100  73.44     15    210          0      0      0      0
   396        100 157.34    126    509        100     72     15    490          0      0      0      0
   397        100 157.01    129    808        100  71.72     15    441          0      0      0      0
   398        100 146.23    126    494        100  66.79     15    183          0      0      0      0
   399        100 186.19    126    509        100  83.93     15    489          0      0      0      0
   400        100  151.1    126    639        100  67.42     15    333          0      0      0      0
   401        100 153.66    126    526        100  70.28     15    361          0      0      0      0
   402        100 163.35    126    562        100  75.61     15    403          0      0      0      0
   403        100 175.15    126    841        100  78.11     15    619          0      0      0      0
   404        100 155.28    126    495        100  71.51     15    205          0      0      0      0
   405        100 189.07    134    769        100  87.91     15    385          0      0      0      0
   406        100 188.58    127   1127        100  79.87     15    238          0      0      0      0
   407        100 201.66    134    508        100  92.41     15    205          0      0      0      0
   408        100 161.31    126    776        100  69.31     15    283          0      0      0      0
   409        100 150.67    126    538        100  67.52     15    224          0      0      0      0
   410        100 203.73    127    660        100  94.11     15    544          0      0      0      0
   411        100 176.46    126    758        100  77.78     15    350          0      0      0      0
   412        100 193.86    124    943        100  87.51     15    501          0      0      0      0
   413        100 151.02    133    506        100  69.39     15    200          0      0      0      0
   414        100 158.75    126    570        100  72.76     15    427          0      0      0      0
   415        100 201.52    126    661        100  88.51     16    295          0      0      0      0
   416        100 152.29    127    732        100  64.38     15    228          0      0      0      0
   417        100 185.84    124   3014        100  97.85     15   2590          0      0      0      0
   418        100 149.39    133    578        100  72.15     15    363          0      0      0      0
   419        100 154.82    126    543        100  70.35     15    193          0      0      0      0
   420        100 153.09    126   1051        100   71.2     15    734          0      0      0      0
   421        100 159.57    126    484        100  74.06     15    204          0      0      0      0
   422        100 182.07    134    737        100  85.63     15    718          0      0      0      0
   423        100  160.9    126    685        100  71.29     15    377          0      0      0      0
   424        100 158.79    126    487        100  70.09     15    192          0      0      0      0
   425        100 171.84    133    732        100  84.44     15    490          0      0      0      0
   426        100 168.92    127    880        100  74.62     15    625          0      0      0      0
   427        100 169.61    127    652        100  75.58     15    192          0      0      0      0
   428        100  173.4    126    477        100  79.06     15    214          0      0      0      0
   429        100 185.75    129    821        100  81.65     16    378          0      0      0      0
   430        100 192.84    127    633        100  90.41     15    350          0      0      0      0
   431        100 195.75    130    720        100  82.64     15    352          0      0      0      0
   432        100 180.41    134   1643        100  74.98     15    371          0      0      0      0
   433        100 158.06    126    682        100  69.68     15    468          0      0      0      0
   434        100 152.32    123    529        100  73.89     15    350          0      0      0      0
   435        100 174.46    127    483        100  77.97     15    225          0      0      0      0
   436        100 179.25    126    507        100  84.41     15    485          0      0      0      0
   437        100  154.9    126    558        100  70.02     15    243          0      0      0      0
   438        100 197.34    133    692        100  89.66     15    434          0      0      0      0
   439        100 204.46    133    794        100  99.26     15    697          0      0      0      0
   440        100 178.04    131    727        100  82.53     15    348          0      0      0      0
   441        100  144.6    125    481        100  63.75     15    202          0      0      0      0
   442        100 157.45    133    568        100   76.1     15    398          0      0      0      0
   443        100 151.02    124    535        100  66.36     15    244          0      0      0      0
   444        100 146.45    125    512        100  65.01     15    231          0      0      0      0
   445        100 162.03    133    509        100  79.57     15    490          0      0      0      0
   446        100 186.99    126    844        100  84.18     15    435          0      0      0      0
   447        100 171.58    133    879        100  78.93     15    255          0      0      0      0
   448        100 161.12    125    535        100   72.1     15    335          0      0      0      0
   449        100  186.7    126   3179        100  95.62     15   2866          0      0      0      0
   450        100 185.67    123    587        100  85.37     15    380          0      0      0      0
   451        100 158.82    124    518        100  72.15     15    235          0      0      0      0
   452        100    153    126    483        100  66.49     15    186          0      0      0      0
   453        100 182.37    123    485        100   88.1     15    206          0      0      0      0
   454        100 192.46    134   1002        100   90.5     15    796          0      0      0      0
   455        100 146.93    126    570        100  66.54     15    229          0      0      0      0
   456        100 146.65    126    564        100  65.74     15    247          0      0      0      0
   457        100 155.33    123    543        100  67.61     15    430          0      0      0      0
   458        100 164.64    134    530        100  75.39     15    436          0      0      0      0
   459        100 207.76    126    733        100  88.67     15    313          0      0      0      0
   460        100 163.74    126    765        100  72.81     15    314          0      0      0      0
   461        100 190.09    126    659        100  88.11     15    327          0      0      0      0
   462        100 204.72    133   1326        100  91.66     15    238          0      0      0      0
   463        100  201.7    133    752        100  95.27     15    351          0      0      0      0
   464        100 182.54    124    630        100  79.66     15    220          0      0      0      0
   465        100 184.59    133    728        100  86.91     15    441          0      0      0      0
   466        100 149.44    126    527        100  67.36     15    301          0      0      0      0
   467        100 161.69    124    790        100  73.72     15    501          0      0      0      0
   468        100 164.66    134    784        100  78.97     15    765          0      0      0      0
   469        100  182.2    134    527        100  89.01     15    205          0      0      0      0
   470        100 172.92    126    490        100  76.93     15    402          0      0      0      0
   471        100  177.5    127    809        100   78.1     15    324          0      0      0      0
   472        100 162.99    133   2018        100  84.06     15   1637          0      0      0      0
   473        100  153.7    126    496        100  69.28     15    465          0      0      0      0
   474        100 157.17    126    638        100  69.82     15    251          0      0      0      0
   475        100 179.71    126    624        100  81.69     15    605          0      0      0      0
   476        100 199.55    126    700        100  95.78     15    680          0      0      0      0
   477        100 251.23    134   1416        100 117.06     16   1157          0      0      0      0
   478        100 238.64    127   1615        100  106.9     16   1051          0      0      0      0
   479        100 234.71    134   1594        100  97.86     15   1062          0      0      0      0
   480        100 248.55    135   1446        100 122.88     16   1406          0      0      0      0
   481        100 364.03    134   5512        100 210.38     16   5341          0      0      0      0
   482        100 339.07    200   6910        100 111.85     25    422          0      0      0      0
   483        100 313.99    134   5218        100 143.09     16   2660          0      0      0      0
   484        100 469.57    175   7851        100  186.5     25   4516          0      0      0      0
   485        100 264.08    200   1065        100 116.99     25    454          0      0      0      0
   486        100 239.63    134   1250        100 116.48     15    609          0      0      0      0
   487        100 247.77    134   1748        100 117.45     16   1174          0      0      0      0
   488        100 208.39    126   1272        100  97.86     15   1235          0      0      0      0
   489        100 228.33    135    830        100 104.99     16    794          0      0      0      0
   490        100 195.25    133    897        100  86.11     15    379          0      0      0      0
   491        100 172.34    134    521        100  87.18     15    496          0      0      0      0
   492        100  166.2    126    527        100  72.77     15    224          0      0      0      0
   493        100 148.73    133    642        100     70     15    273          0      0      0      0
   494        100    172    126    591        100  81.46     15    561          0      0      0      0
   495        100 203.55    133    526        100  97.54     15    397          0      0      0      0
   496        100 216.41    127    809        100  97.16     15    352          0      0      0      0
   497        100 158.42    127    658        100  69.92     15    344          0      0      0      0
   498        100 174.18    124    486        100  74.71     15    264          0      0      0      0
   499        100 216.37    134    822        100   96.4     15    235          0      0      0      0
   500        100 193.31    124   1811        100  90.48     15   1101          0      0      0      0
   501        100 148.06    126    665        100   65.9     15    332          0      0      0      0
   502        100 183.32    134    531        100  88.88     15    375          0      0      0      0
   503        100 167.38    126    563        100  75.26     15    540          0      0      0      0
   504        100 148.42    133    593        100  69.43     15    199          0      0      0      0
   505        100 164.06    123    585        100  75.29     15    556          0      0      0      0
   506        100 161.53    124    527        100   70.2     15    222          0      0      0      0
   507        100 178.46    134    863        100  86.02     15    494          0      0      0      0
   508        100 150.39    124    556        100  68.28     15    370          0      0      0      0
   509        100    170    134    681        100  77.77     15    208          0      0      0      0
   510        100 194.33    124   1185        100  79.68     15    234          0      0      0      0
   511        100  183.4    134    741        100  76.89     15    366          0      0      0      0
   512        100 189.04    130    770        100  87.99     15    483          0      0      0      0
   513        100 209.69    134   4168        100 115.17     15   3557          0      0      0      0
   514        100 161.52    126   1038        100  78.04     15   1009          0      0      0      0
   515        100 159.41    126    580        100  72.77     15    462          0      0      0      0
   516        100 200.02    134    941        100  97.19     15    613          0      0      0      0
   517        100 168.17    127    755        100  70.74     15    360          0      0      0      0
   518        100 153.57    126    489        100  67.98     15    329          0      0      0      0
   519        100 175.69    127    915        100  77.28     15    336          0      0      0      0
   520        100 151.23    126    542        100  67.02     15    198          0      0      0      0
   521        100  155.1    127    676        100  68.78     15    392          0      0      0      0
   522        100 174.05    127    556        100  86.96     15    526          0      0      0      0
   523        100 148.32    134    564        100  68.46     15    205          0      0      0      0
   524        100 190.41    126    532        100   86.5     15    499          0      0      0      0
   525        100 147.96    126    531        100  65.54     15    245          0      0      0      0
   526        100 160.03    126    489        100  70.22     15    219          0      0      0      0
   527        100 212.75    134    997        100  94.99     15    570          0      0      0      0
   528        100 162.24    127   1124        100  73.59     15    635          0      0      0      0
   529        100 186.09    126   1018        100  81.14     15    478          0      0      0      0
   530        100 180.24    127    690        100  81.98     15    356          0      0      0      0
   531        100 185.38    124   1190        100  76.01     15    415          0      0      0      0
   532        100 171.46    134    620        100  83.07     15    246          0      0      0      0
   533        100 184.69    124    694        100  82.99     15    675          0      0      0      0
   534        100 162.89    126    582        100  72.87     15    336          0      0      0      0
   535        100 180.56    134    623        100  87.92     15    289          0      0      0      0
   536        100 188.97    125   1137        100  80.12     15    648          0      0      0      0
   537        100 205.44    134    885        100  96.38     15    364          0      0      0      0
   538        100 175.44    124    711        100  88.44     15    692          0      0      0      0
   539        100  201.2    134    700        100  91.28     15    254          0      0      0      0
   540        100 177.64    134    676        100  81.91     15    351          0      0      0      0
   541        100 180.48    126    690        100   82.2     15    451          0      0      0      0
   542        100 187.23    127    505        100  87.58     15    252          0      0      0      0
   543        100 187.58    134    707        100  75.12     15    202          0      0      0      0
   544        100  152.4    124    541        100  69.74     15    248          0      0      0      0
   545        100 207.54    126   3591        100 106.76     15   3005          0      0      0      0
   546        100    183    127    804        100  82.44     15    364          0      0      0      0
   547        100 156.84    134    705        100  69.41     15    225          0      0      0      0
   548        100 158.36    126    495        100  71.84     15    194          0      0      0      0
   549        100 192.14    127    655        100  86.48     15    245          0      0      0      0
   550        100 193.55    126    941        100   92.7     15    630          0      0      0      0
   551        100 148.02    126    524        100  68.64     15    308          0      0      0      0
   552        100 150.25    126    511        100  69.32     15    401          0      0      0      0
   553        100 160.77    127    967        100  75.44     15    684          0      0      0      0
   554        100 190.51    134    515        100  90.69     15    225          0      0      0      0
   555        100 165.84    124    676        100  69.59     15    312          0      0      0      0
   556        100 176.51    127    789        100  73.93     15    346          0      0      0      0
   557        100 159.45    133    722        100  72.44     15    206          0      0      0      0
   558        100 158.98    124    682        100  70.98     15    366          0      0      0      0
   559        100 162.51    127    834        100  74.69     15    493          0      0      0      0
   560        100  167.9    134    592        100  77.74     15    205          0      0      0      0
   561        100 208.64    126    863        100  94.67     15    425          0      0      0      0
   562        100 179.04    133    735        100  81.62     15    271          0      0      0      0
   563        100 207.32    126    982        100   97.3     15    573          0      0      0      0
   564        100 167.57    133    708        100   77.9     15    393          0      0      0      0
   565        100 148.25    126    515        100  66.97     15    215          0      0      0      0
   566        100 165.87    134    550        100  74.58     15    257          0      0      0      0
   567        100 152.88    126    524        100  69.64     15    220          0      0      0      0
   568        100 200.76    127    793        100  92.29     15    482          0      0      0      0
   569        100 149.25    126    491        100  69.06     15    266          0      0      0      0
   570        100 159.58    127    512        100  76.63     15    275          0      0      0      0
   571        100 166.91    123    500        100  75.24     15    218          0      0      0      0
   572        100 188.65    126    743        100  82.35     15    328          0      0      0      0
   573        100 184.54    124   1071        100  85.94     15    537          0      0      0      0
   574        100 165.57    124    729        100  75.54     15    242          0      0      0      0
   575        100 202.73    126    662        100  95.89     15    535          0      0      0      0
   576        100 193.38    133    914        100  81.95     15    253          0      0      0      0
   577        100 208.79    126   3302        100 102.26     15   2940          0      0      0      0
   578        100 179.81    134    917        100  84.27     15    402          0      0      0      0
   579        100 147.45    124    488        100  65.32     15    207          0      0      0      0
   580        100 149.12    125    550        100  68.76     15    439          0      0      0      0
   581        100 149.83    134    530        100  68.67     15    208          0      0      0      0
   582        100 147.96    126    552        100  64.08     15    248          0      0      0      0
   583        100  148.8    126    507        100  64.86     15    201          0      0      0      0
   584        100 180.66    127    735        100  85.01     15    712          0      0      0      0
   585        100 188.64    126    578        100  86.62     15    364          0      0      0      0
   586        100 178.09    126    827        100  78.25     15    220          0      0      0      0
   587        100 192.94    134    754        100  93.52     15    422          0      0      0      0
   588        100 191.73    126    661        100  85.22     16    323          0      0      0      0
   589        100 192.64    126    893        100  86.67     15    495          0      0      0      0
   590        100 164.71    134    645        100  78.36     15    357          0      0      0      0
   591        100 164.89    124    549        100  72.44     15    238          0      0      0      0
   592        100 190.14    127    765        100  82.71     15    316          0      0      0      0
   593        100 169.08    126    535        100  75.63     15    230          0      0      0      0
   594        100 204.82    134    814        100  98.55     15    777          0      0      0      0
   595        100 155.46    133    550        100  74.27     15    286          0      0      0      0
   596        100 147.93    124    511        100  64.16     15    210          0      0      0      0
   597        100 152.06    124    558        100  66.23     15    256          0      0      0      0
   598        100 158.37    134    546        100  75.38     15    464          0      0      0      0
   599        100 196.82    126    992        100  80.33     15    204          0      0      0      0
   600        100 178.29    126    800        100  77.52     15    762          0      0      0      0
   601        100  183.4    126   1352        100  73.89     15    368          0      0      0      0
   602        100 173.23    126    714        100  79.13     15    682          0      0      0      0
   603        100 198.91    134    669        100 100.08     15    363          0      0      0      0
   604        100 168.44    126   1125        100  79.13     15   1100          0      0      0      0
   605        100  186.2    133    587        100  79.91     15    230          0      0      0      0
   606        100 169.49    126    849        100  73.73     15    506          0      0      0      0
   607        100 176.09    134    802        100  75.79     15    333          0      0      0      0
   608        100 182.84    126    527        100  88.28     15    495          0      0      0      0
   609        100 207.43    126   5118        100 116.45     15   4567          0      0      0      0
   610        100 194.27    126    855        100  89.08     15    665          0      0      0      0
   611        100    179    123    657        100  80.46     15    253          0      0      0      0
   612        100 181.63    126    668        100  78.16     15    231          0      0      0      0
   613        100 178.02    133    690        100   83.8     15    333          0      0      0      0
   614        100 184.37    126    710        100  84.07     15    649          0      0      0      0
   615        100 178.37    123    531        100  82.78     15    248          0      0      0      0
   616        100 202.47    126    722        100   90.9     15    691          0      0      0      0
   617        100 153.56    127    515        100  69.79     15    231          0      0      0      0
   618        100 150.05    126    799        100   69.5     15    613          0      0      0      0
   619        100 157.65    123    869        100  77.38     15    566          0      0      0      0
   620        100 152.82    133    517        100  68.47     15    207          0      0      0      0
   621        100 177.77    127   1222        100   77.6     15    253          0      0      0      0
   622        100 213.58    126    809        100  95.39     15    427          0      0      0      0
   623        100 216.44    134   1055        100  101.8     15    673          0      0      0      0
   624        100 207.73    134    743        100  91.01     16    315          0      0      0      0
   625        100  182.1    133   1111        100  80.31     15    305          0      0      0      0
   626        100 181.87    124    491        100  82.04     15    371          0      0      0      0
   627        100 218.15    134    809        100  94.76     16    311          0      0      0      0
   628        100 209.54    133    832        100  99.51     15    347          0      0      0      0
   629        100 216.62    133    954        100 102.67     15    785          0      0      0      0
   630        100 2199.39    134  23556        100 101.75     16    467          0      0      0      0
   631        100 2415.5    127  32676        100   95.3     15    265          0      0      0      0
   632        100 2209.43    134  20784        100  98.58     15    307          0      0      0      0
   633        100 2258.66    134  48217        100  97.54     16    405          0      0      0      0
