# PING PONG measurements (in us)
# Executed at: 14836.345595
#           Roundtrip time [us]             Write-access time [us]          Read-access time [us]
# Block     Count   mean    min    max      Count   mean    min    max      Count   mean    min    max
     2        100 792.75    139  31708        100   79.1     16    492          0      0      0      0
     3        100 289.69    132   2114        100  73.28     16    213          0      0      0      0
     4        100 286.46    132   2155        100  75.19     16    400          0      0      0      0
     5        100 265.45    139   1179        100  81.73     16    617          0      0      0      0
     6        100 382.16    132  11967        100  70.45     16    214          0      0      0      0
     7        100 264.09    132   1447        100  69.57     16    261          0      0      0      0
     8        100 338.36    132   9354        100  63.05     16    229          0      0      0      0
     9        100 249.75    136    935        100  75.04     16    279          0      0      0      0
    10        100 498.75    132  12495        100  73.86     16    439          0      0      0      0
    11        100 250.21    133   1360        100  75.25     16    538          0      0      0      0
    12        100 361.36    133  12211        100  68.29     16    238          0      0      0      0
    13        100 254.74    133   1026        100  69.09     16    232          0      0      0      0
    14        100 356.46    132  12474        100  67.03     16    227          0      0      0      0
    15        100  242.9    140    842        100  73.94     16    237          0      0      0      0
    16        100 497.02    132  24322        100  65.33     16    461          0      0      0      0
    17        100 256.65    139   1100        100  74.36     16    210          0      0      0      0
    18        100 433.68    132  11985        100  72.95     16    279          0      0      0      0
    19        100 284.43    132   1840        100  77.59     16    795          0      0      0      0
    20        100 369.97    132  12141        100  61.91     16    230          0      0      0      0
    21        100 265.56    139   2039        100  72.98     16    215          0      0      0      0
    22        100 479.45    132  12463        100  64.41     16    299          0      0      0      0
    23        100 266.08    134   1511        100  80.73     16    642          0      0      0      0
    24        100 350.04    133   9370        100  66.24     16    244          0      0      0      0
    25        100 251.96    133   1573        100   68.5     16    226          0      0      0      0
    26        100  493.3    132  12452        100  70.24     16    228          0      0      0      0
    27        100 247.14    132   1306        100  67.56     16    209          0      0      0      0
    28        100 360.37    133   9502        100  71.24     16    232          0      0      0      0
    29        100 245.93    133   1145        100  71.14     16    230          0      0      0      0
    30        100 354.77    132  12237        100  62.95     16    229          0      0      0      0
    31        100  241.9    132   1039        100  64.42     16    435          0      0      0      0
    32        100 514.03    132  12600        100  68.22     16    234          0      0      0      0
    33        100 269.74    133   2513        100  69.06     16    210          0      0      0      0
    34        100 399.92    132   9452        100  65.12     16    243          0      0      0      0
    35        100 240.15    132   1053        100  67.69     16    228          0      0      0      0
    36        100  433.3    133  13044        100  71.47     16    226          0      0      0      0
    37        100 254.18    133   1908        100  70.68     16    210          0      0      0      0
    38        100 349.74    132  10748        100  67.11     16    207          0      0      0      0
    39        100 260.56    133   1518        100  70.33     16    341          0      0      0      0
    40        100 477.11    132  12453        100  75.69     16    688          0      0      0      0
    41        100 255.75    140   1327        100  74.48     16    390          0      0      0      0
    42        100 362.38    132   9591        100  74.14     16    208          0      0      0      0
    43        100 260.69    133   1441        100  69.13     16    358          0      0      0      0
    44        100 480.99    133  11944        100  68.75     16    225          0      0      0      0
    45        100 260.16    136   1475        100  71.67     16    213          0      0      0      0
    46        100 473.44    132  13072        100  71.77     16    211          0      0      0      0
    47        100 255.68    133   1162        100  70.92     16    382          0      0      0      0
    48        100 354.91    132  10362        100  68.84     16    252          0      0      0      0
    49        100 237.39    132    874        100  69.05     16    211          0      0      0      0
    50        100 381.73    140  12542        100  75.45     16    393          0      0      0      0
    51        100 277.03    132   1666        100  70.12     16    220          0      0      0      0
    52        100 331.72    140   8584        100  73.84     16    271          0      0      0      0
    53        100 379.34    134  11751        100  72.19     16    361          0      0      0      0
    54        100 251.76    133   1456        100  69.22     16    210          0      0      0      0
    55        100 342.23    132  10337        100  67.56     16    242          0      0      0      0
    56        100 266.14    133   1504        100  75.11     16    547          0      0      0      0
    57        100 485.72    140  13120        100  72.73     16    234          0      0      0      0
    58        100 253.86    140   1458        100  73.01     16    333          0      0      0      0
    59        100 353.56    133  10860        100  69.72     15    221          0      0      0      0
    60        100 254.89    133   1558        100  69.37     16    233          0      0      0      0
    61        100 476.66    133  12502        100  68.47     16    490          0      0      0      0
    62        100 244.88    133   1324        100  77.45     16    412          0      0      0      0
    63        100 250.68    133   1308        100   71.5     16    223          0      0      0      0
    64        100 257.08    133   1094        100  73.01     16    289          0      0      0      0
    65        100 242.99    140   4053        100    110     16   3686          0      0      0      0
    66        100 157.12    132    601        100  67.04     16    259          0      0      0      0
    67        100 152.18    133    485        100  67.77     16    182          0      0      0      0
    68        100 161.25    132    524        100  70.45     16    490          0      0      0      0
    69        100 166.95    129    770        100  70.92     16    427          0      0      0      0
    70        100 160.67    132    844        100  66.22     16    221          0      0      0      0
    71        100 157.84    132    527        100  71.36     16    505          0      0      0      0
    72        100 153.66    132    528        100  68.19     16    221          0      0      0      0
    73        100 164.25    132   1500        100  78.51     16   1157          0      0      0      0
    74        100 158.37    133    517        100  79.61     16    419          0      0      0      0
    75        100 155.02    132    523        100  69.87     16    235          0      0      0      0
    76        100  155.5    129    488        100   73.1     16    313          0      0      0      0
    77        100 158.33    129    515        100  76.44     16    494          0      0      0      0
    78        100 160.85    140    705        100  76.84     16    445          0      0      0      0
    79        100 156.42    131    522        100  73.27     16    386          0      0      0      0
    80        100 161.69    129    946        100   74.7     16    380          0      0      0      0
    81        100 156.75    134    553        100  70.24     16    235          0      0      0      0
    82        100 154.16    140    524        100  70.79     16    201          0      0      0      0
    83        100 155.94    132    557        100  67.66     16    249          0      0      0      0
    84        100 157.39    132    515        100  70.84     16    494          0      0      0      0
    85        100  158.9    132    790        100  70.37     16    212          0      0      0      0
    86        100 154.55    133    495        100  69.14     16    245          0      0      0      0
    87        100 165.85    133    887        100  74.42     16    500          0      0      0      0
    88        100 159.39    140    643        100  71.99     16    203          0      0      0      0
    89        100  151.6    130    502        100  66.87     16    215          0      0      0      0
    90        100 157.96    139    517        100  76.34     16    495          0      0      0      0
    91        100 155.69    129    730        100  67.84     16    439          0      0      0      0
    92        100 152.89    140    503        100  71.45     16    220          0      0      0      0
    93        100 154.14    130    495        100  69.48     16    274          0      0      0      0
    94        100 160.81    139    535        100  74.21     16    283          0      0      0      0
    95        100 153.94    129    516        100  68.06     16    282          0      0      0      0
    96        100 157.31    130    505        100  69.86     16    411          0      0      0      0
    97        100 180.03    140   2950        100  95.28     16   2226          0      0      0      0
    98        100 152.76    131    561        100  66.15     16    243          0      0      0      0
    99        100 157.85    139    525        100  76.73     16    266          0      0      0      0
   100        100 155.07    132    517        100  66.55     16    211          0      0      0      0
   101        100 574.56    128  20535        100  72.93     16    214          0      0      0      0
   102        100 153.96    132    534        100  66.44     16    221          0      0      0      0
   103        100 160.45    129    666        100   74.4     16    294          0      0      0      0
   104        100 156.48    134    515        100  70.51     16    198          0      0      0      0
   105        100 157.41    139    544        100  72.94     16    332          0      0      0      0
   106        100 160.17    129    549        100   69.2     16    349          0      0      0      0
   107        100 151.52    132    528        100  67.15     16    239          0      0      0      0
   108        100 153.03    132    503        100  69.06     16    199          0      0      0      0
   109        100 155.09    132    482        100  68.89     16    180          0      0      0      0
   110        100 159.63    133    706        100  65.43     16    210          0      0      0      0
   111        100 154.64    128    495        100  68.98     16    242          0      0      0      0
   112        100 157.02    128    532        100  67.97     16    215          0      0      0      0
   113        100  155.1    131    562        100   74.5     16    305          0      0      0      0
   114        100 154.37    132    550        100  67.24     16    211          0      0      0      0
   115        100 155.74    132    483        100  64.49     16    355          0      0      0      0
   116        100 162.23    132    491        100  68.09     16    206          0      0      0      0
   117        100 156.71    132    509        100  68.84     16    203          0      0      0      0
   118        100  156.5    133    492        100  70.71     16    216          0      0      0      0
   119        100 157.96    140    537        100  72.03     16    289          0      0      0      0
   120        100 232.75    129   7932        100  66.43     16    218          0      0      0      0
   121        100 159.27    132    657        100  70.03     16    312          0      0      0      0
   122        100 157.98    133    543        100  70.05     16    226          0      0      0      0
   123        100 153.19    133    491        100  69.67     16    188          0      0      0      0
   124        100 164.81    139    609        100  70.37     16    178          0      0      0      0
   125        100 154.93    139    587        100  71.34     16    271          0      0      0      0
   126        100 157.85    132    582        100  68.73     16    277          0      0      0      0
   127        100 152.36    132    499        100  62.13     16    195          0      0      0      0
   128        100 154.36    136    482        100  70.46     16    180          0      0      0      0
   129        100 177.72    140   2728        100   93.5     16   2266          0      0      0      0
   130        100  153.9    130    623        100   68.3     16    334          0      0      0      0
   131        100 157.52    140    522        100   75.5     16    494          0      0      0      0
   132        100 153.02    132    520        100  67.38     16    260          0      0      0      0
   133        100 155.94    129    692        100  72.68     16    332          0      0      0      0
   134        100 165.73    139    834        100  76.74     16    693          0      0      0      0
   135        100 156.46    130    567        100   69.2     16    253          0      0      0      0
   136        100 155.78    139    718        100  73.93     16    322          0      0      0      0
   137        100 158.22    130    549        100  70.35     16    329          0      0      0      0
   138        100 153.66    140    547        100  71.79     16    211          0      0      0      0
   139        100 151.63    130    481        100  66.98     16    197          0      0      0      0
   140        100 171.09    132   1391        100  67.07     16    410          0      0      0      0
   141        100 152.15    129    506        100  68.36     16    218          0      0      0      0
   142        100 152.51    130    494        100   65.4     16    210          0      0      0      0
   143        100 160.18    139    809        100  75.72     16    305          0      0      0      0
   144        100 162.43    130    572        100  66.27     16    230          0      0      0      0
   145        100 154.12    139    566        100  71.74     16    206          0      0      0      0
   146        100 157.76    130    513        100  67.82     16    251          0      0      0      0
   147        100 151.98    132    559        100  69.94     16    234          0      0      0      0
   148        100 154.67    130    498        100  67.65     16    213          0      0      0      0
   149        100 158.75    129    512        100  73.09     16    491          0      0      0      0
   150        100 161.21    140    596        100   75.7     16    371          0      0      0      0
   151        100 153.04    129    518        100  67.62     16    277          0      0      0      0
   152        100 157.05    129    513        100  71.71     16    492          0      0      0      0
   153        100 157.26    139    548        100     73     16    212          0      0      0      0
   154        100 157.27    130    500        100  70.33     16    376          0      0      0      0
   155        100 154.68    130    504        100   66.9     16    217          0      0      0      0
   156        100 158.09    139    509        100  74.28     16    348          0      0      0      0
   157        100 152.88    130    514        100  66.95     16    225          0      0      0      0
   158        100 153.68    132    514        100  61.77     16    195          0      0      0      0
   159        100 160.45    130    682        100  70.21     16    371          0      0      0      0
   160        100 154.38    129    514        100  67.81     16    227          0      0      0      0
   161        100 176.28    140   2803        100  94.54     16   2475          0      0      0      0
   162        100 158.58    129    556        100   70.6     16    395          0      0      0      0
   163        100 152.17    129    527        100  66.73     16    224          0      0      0      0
   164        100 155.16    139    734        100  72.92     16    409          0      0      0      0
   165        100 169.37    132    705        100  76.52     16    468          0      0      0      0
   166        100 157.78    139    748        100  70.86     16    212          0      0      0      0
   167        100 156.21    129    489        100   70.3     16    268          0      0      0      0
   168        100 156.52    132    547        100  67.61     16    250          0      0      0      0
   169        100 159.98    132    953        100  68.59     16    205          0      0      0      0
   170        100 159.58    132    513        100  71.34     16    491          0      0      0      0
   171        100 159.73    133    533        100  68.61     16    225          0      0      0      0
   172        100 153.09    133    512        100  69.66     16    206          0      0      0      0
   173        100 154.06    139    504        100  71.75     16    295          0      0      0      0
   174        100    166    132    981        100   74.2     16    672          0      0      0      0
   175        100 158.75    132    598        100   69.2     16    342          0      0      0      0
   176        100 153.56    139    540        100  70.83     16    216          0      0      0      0
   177        100 159.78    130    660        100  65.97     16    199          0      0      0      0
   178        100 153.52    139    587        100  71.88     16    206          0      0      0      0
   179        100 154.46    129    512        100  69.63     16    328          0      0      0      0
   180        100 156.67    130    516        100  68.34     16    248          0      0      0      0
   181        100 160.61    139    656        100  71.54     16    215          0      0      0      0
   182        100 152.52    129    509        100  67.56     16    222          0      0      0      0
   183        100 156.74    129    520        100  70.68     16    499          0      0      0      0
   184        100 160.51    139    964        100  84.25     16    935          0      0      0      0
   185        100 153.74    132    506        100  68.99     16    319          0      0      0      0
   186        100 154.56    139    503        100  69.64     16    181          0      0      0      0
   187        100 156.78    139    512        100  69.56     16    489          0      0      0      0
   188        100 153.66    130    546        100  66.98     16    228          0      0      0      0
   189        100 155.65    139    708        100  72.57     16    317          0      0      0      0
   190        100 155.86    132    556        100  65.61     16    201          0      0      0      0
   191        100 152.65    139    522        100  71.04     16    203          0      0      0      0
   192        100 152.73    130    511        100  67.62     16    243          0      0      0      0
   193        100 179.06    140   2728        100  93.41     16   2303          0      0      0      0
   194        100 154.16    130    794        100  68.75     16    463          0      0      0      0
   195        100 154.83    140    507        100  73.19     16    315          0      0      0      0
   196        100 159.86    132    740        100  75.37     16    434          0      0      0      0
   197        100 157.85    133    523        100  70.79     16    216          0      0      0      0
   198        100 153.46    140    529        100  70.72     16    218          0      0      0      0
   199        100 158.02    132    494        100  73.43     16    374          0      0      0      0
   200        100 205.19    133   5341        100  68.53     16    212          0      0      0      0
   201        100 154.79    132    538        100  64.78     16    198          0      0      0      0
   202        100 162.15    130    862        100  71.13     16    329          0      0      0      0
   203        100 156.84    133    512        100  72.54     16    296          0      0      0      0
   204        100 153.57    129    512        100  69.33     16    224          0      0      0      0
   205        100 161.02    132    537        100  72.44     16    380          0      0      0      0
   206        100 153.08    129    544        100  69.05     16    245          0      0      0      0
   207        100 151.96    129    496        100  71.72     16    225          0      0      0      0
   208        100 157.75    133    556        100  69.43     16    241          0      0      0      0
   209        100 160.72    133   1183        100  75.92     16    876          0      0      0      0
   210        100  154.1    132    487        100  65.64     16    202          0      0      0      0
   211        100 156.98    133    512        100   68.8     16    203          0      0      0      0
   212        100 153.66    133    540        100  70.26     16    308          0      0      0      0
   213        100 158.56    132    743        100  71.95     16    426          0      0      0      0
   214        100  157.7    133    515        100  73.72     16    493          0      0      0      0
   215        100 160.88    139    619        100  76.92     16    597          0      0      0      0
   216        100 155.48    129    837        100  68.42     16    426          0      0      0      0
   217        100  160.5    140    514        100  75.35     16    493          0      0      0      0
   218        100 158.25    130    562        100   67.6     16    268          0      0      0      0
   219        100    174    139   2011        100  95.01     16   1980          0      0      0      0
   220        100 156.42    132    501        100  71.21     16    338          0      0      0      0
   221        100 152.47    133    522        100  66.38     16    215          0      0      0      0
   222        100 152.29    129    487        100  71.35     16    201          0      0      0      0
   223        100  169.7    139    709        100  79.43     16    491          0      0      0      0
   224        100 153.74    132    528        100  67.84     16    220          0      0      0      0
   225        100 177.66    132   2547        100  89.02     16   2220          0      0      0      0
   226        100 160.96    133    576        100  72.41     16    255          0      0      0      0
   227        100 156.82    132    522        100  66.84     16    306          0      0      0      0
   228        100 154.24    129    503        100  71.27     16    215          0      0      0      0
   229        100 157.35    140    783        100  71.82     16    241          0      0      0      0
   230        100 156.72    132    538        100  67.56     16    180          0      0      0      0
   231        100 151.87    132    508        100  65.78     16    203          0      0      0      0
   232        100 159.05    129    626        100  71.48     16    224          0      0      0      0
   233        100 162.47    132    737        100  67.97     16    600          0      0      0      0
   234        100 153.31    133    543        100  69.82     16    225          0      0      0      0
   235        100  154.7    140    524        100  72.12     16    311          0      0      0      0
   236        100 157.72    132    627        100  66.79     16    226          0      0      0      0
   237        100 153.12    140    527        100  70.42     16    203          0      0      0      0
   238        100  151.9    130    501        100  66.75     16    197          0      0      0      0
   239        100 157.73    139    513        100  70.38     16    178          0      0      0      0
   240        100 155.04    129    530        100  66.29     16    231          0      0      0      0
   241        100  152.2    129    504        100   65.8     16    214          0      0      0      0
   242        100 157.66    139    557        100  75.64     16    440          0      0      0      0
   243        100  155.2    129    516        100  68.93     16    359          0      0      0      0
   244        100 154.66    139    685        100   72.1     16    295          0      0      0      0
   245        100 157.05    132    531        100  66.88     16    195          0      0      0      0
   246        100 155.59    139    564        100  71.69     16    220          0      0      0      0
   247        100 160.71    130    992        100  67.25     16    226          0      0      0      0
   248        100 156.89    139    583        100  70.74     16    190          0      0      0      0
   249        100 160.57    132    555        100  69.93     16    499          0      0      0      0
   250        100 152.34    130    542        100  67.94     16    254          0      0      0      0
   251        100 160.79    140    595        100  73.12     16    301          0      0      0      0
   252        100 157.33    132    508        100  67.03     16    206          0      0      0      0
   253        100 154.48    130    541        100  66.07     16    253          0      0      0      0
   254        100 154.13    139    523        100  73.19     16    297          0      0      0      0
   255        100 159.93    130    700        100  69.28     16    342          0      0      0      0
   256        100 154.29    139    533        100  71.73     16    208          0      0      0      0
   257        100 173.71    130   2616        100  87.75     16   2292          0      0      0      0
   258        100 164.96    139    799        100  77.49     16    495          0      0      0      0
   259        100 153.65    129    544        100  71.97     16    270          0      0      0      0
   260        100 152.81    133    525        100     71     16    227          0      0      0      0
   261        100 156.99    139    535        100   69.9     16    200          0      0      0      0
   262        100 154.74    132    656        100  70.37     16    346          0      0      0      0
   263        100 154.54    132    532        100  65.81     16    201          0      0      0      0
   264        100 159.95    133    604        100  70.82     16    203          0      0      0      0
   265        100 166.16    139    999        100  77.79     16    586          0      0      0      0
   266        100 153.62    132    499        100  69.14     16    237          0      0      0      0
   267        100 154.98    132    496        100  65.81     16    183          0      0      0      0
   268        100 161.08    129    836        100  70.88     16    233          0      0      0      0
   269        100 152.56    132    515        100   66.5     16    239          0      0      0      0
   270        100 158.94    129    513        100  70.73     16    201          0      0      0      0
   271        100 152.77    139    537        100  72.41     16    237          0      0      0      0
   272        100 151.52    132    494        100  65.14     16    210          0      0      0      0
   273        100 164.44    129    690        100  71.62     16    379          0      0      0      0
   274        100 154.85    139    543        100  70.28     16    243          0      0      0      0
   275        100 152.19    132    487        100   68.1     16    184          0      0      0      0
   276        100 169.83    132    743        100  76.31     16    495          0      0      0      0
   277        100 153.45    128    551        100  71.49     16    238          0      0      0      0
   278        100 155.26    139    556        100  68.04     16    224          0      0      0      0
   279        100 158.19    132    505        100  66.13     16    218          0      0      0      0
   280        100 155.02    132    495        100  65.97     16    209          0      0      0      0
   281        100 157.82    133    770        100  74.91     16    738          0      0      0      0
   282        100 152.25    133    516        100  68.99     16    219          0      0      0      0
   283        100 166.35    132    701        100  75.28     16    679          0      0      0      0
   284        100 153.89    133    558        100  69.13     16    210          0      0      0      0
   285        100 152.24    132    496        100  68.39     16    215          0      0      0      0
   286        100 158.45    132    517        100  69.31     16    213          0      0      0      0
   287        100 155.27    132    750        100  69.83     16    461          0      0      0      0
   288        100 151.92    133    481        100  70.24     16    179          0      0      0      0
   289        100  183.2    140   2642        100  99.93     16   2292          0      0      0      0
   290        100 152.82    129    589        100  66.35     16    270          0      0      0      0
   291        100 151.85    130    494        100  66.36     16    234          0      0      0      0
   292        100 156.78    140    511        100  72.29     16    185          0      0      0      0
   293        100 156.59    133    779        100  67.16     16    228          0      0      0      0
   294        100 152.24    130    536        100  65.36     16    205          0      0      0      0
   295        100 160.13    139    514        100  72.64     16    239          0      0      0      0
   296        100 153.75    130    524        100  66.09     16    236          0      0      0      0
   297        100 155.19    140    713        100  73.29     16    302          0      0      0      0
   298        100 155.43    130    513        100  67.78     16    247          0      0      0      0
   299        100 153.03    139    533        100  71.67     16    209          0      0      0      0
   300        100 211.62    132   5496        100  72.61     16    314          0      0      0      0
   301        100 157.08    139    540        100   75.9     16    371          0      0      0      0
   302        100  159.9    130    516        100   75.1     16    494          0      0      0      0
   303        100 158.74    140    748        100  73.12     16    326          0      0      0      0
   304        100 171.56    132   1794        100  84.05     16   1764          0      0      0      0
   305        100 257.48    139   9922        100 171.98     16   9853          0      0      0      0
   306        100 156.04    129    741        100  69.35     16    275          0      0      0      0
   307        100 178.67    133   1778        100  65.81     16    217          0      0      0      0
   308        100 222.24    129   6763        100 135.74     16   6708          0      0      0      0
   309        100 172.84    132   2109        100  69.25     16    293          0      0      0      0
   310        100 175.74    133    657        100  74.73     16    209          0      0      0      0
   311        100 167.76    133    681        100  77.61     16    518          0      0      0      0
   312        100 166.32    140   1127        100  82.13     16   1058          0      0      0      0
   313        100 169.59    131   1309        100  74.58     16    656          0      0      0      0
   314        100 167.79    140    828        100  79.33     16    791          0      0      0      0
   315        100 155.78    132    526        100  68.68     16    477          0      0      0      0
   316        100 186.25    130   2061        100 100.78     16   2019          0      0      0      0
   317        100 153.06    139    521        100  70.89     16    229          0      0      0      0
   318        100 159.39    133    527        100  71.99     16    489          0      0      0      0
   319        100 152.77    132    544        100   68.4     16    223          0      0      0      0
   320        100 155.16    132    502        100  69.83     16    401          0      0      0      0
   321        100 184.01    128   2732        100  93.57     16   2415          0      0      0      0
   322        100 155.24    139    701        100  71.53     16    261          0      0      0      0
   323        100 157.02    132    498        100  69.38     16    258          0      0      0      0
   324        100 160.72    132    520        100  75.57     16    383          0      0      0      0
   325        100 157.96    133    524        100  69.62     16    352          0      0      0      0
   326        100  158.3    137    511        100  70.91     16    370          0      0      0      0
   327        100  158.9    139    545        100  71.52     16    219          0      0      0      0
   328        100 153.59    130    551        100  68.06     16    246          0      0      0      0
   329        100 154.59    139    655        100  71.96     16    225          0      0      0      0
   330        100 156.95    128    487        100  70.16     16    409          0      0      0      0
   331        100 157.65    129    687        100  66.46     16    235          0      0      0      0
   332        100 155.06    139    511        100  72.32     16    188          0      0      0      0
   333        100  155.6    129    515        100  66.93     16    198          0      0      0      0
   334        100 153.21    129    516        100     69     16    387          0      0      0      0
   335        100 152.99    139    505        100   69.9     16    183          0      0      0      0
   336        100 153.68    130    511        100  65.39     16    225          0      0      0      0
   337        100 156.52    132    512        100  71.52     16    490          0      0      0      0
   338        100  152.5    132    508        100  67.87     16    203          0      0      0      0
   339        100 152.68    133    483        100  69.91     16    192          0      0      0      0
   340        100 159.34    133    491        100  68.74     16    249          0      0      0      0
   341        100  152.4    133    509        100  69.83     16    203          0      0      0      0
   342        100 153.41    139    519        100   71.8     16    213          0      0      0      0
   343        100 158.07    130    556        100  69.43     16    439          0      0      0      0
   344        100 156.06    139    621        100  71.89     16    205          0      0      0      0
   345        100 152.27    132    491        100  65.69     16    206          0      0      0      0
   346        100 155.09    129    496        100  67.28     16    234          0      0      0      0
   347        100 153.26    140    557        100  72.36     16    245          0      0      0      0
   348        100 155.11    130    689        100   69.5     16    367          0      0      0      0
   349        100 156.35    139    676        100  71.95     16    185          0      0      0      0
   350        100 157.21    130    511        100  65.72     16    204          0      0      0      0
   351        100 157.18    139    670        100  70.64     16    344          0      0      0      0
   352        100 152.89    132    500        100  68.58     16    267          0      0      0      0
   353        100 188.62    140   3312        100 105.84     16   2946          0      0      0      0
   354        100 156.98    133    599        100  70.14     16    257          0      0      0      0
   355        100 159.23    133    528        100  67.94     16    213          0      0      0      0
   356        100  157.3    132    781        100  68.15     16    215          0      0      0      0
   357        100 154.03    132    491        100   70.3     16    276          0      0      0      0
   358        100 161.49    133    498        100  70.91     16    184          0      0      0      0
   359        100 154.51    139    551        100  73.45     16    224          0      0      0      0
   360        100 153.82    132    547        100  68.04     16    295          0      0      0      0
   361        100 154.73    139    518        100  72.33     16    244          0      0      0      0
   362        100 163.71    129    915        100   71.7     16    601          0      0      0      0
   363        100 154.31    130    504        100  65.42     16    217          0      0      0      0
   364        100 154.53    139    517        100  71.55     16    235          0      0      0      0
   365        100  160.9    132    857        100  71.78     16    490          0      0      0      0
   366        100 159.13    139    591        100  70.74     16    205          0      0      0      0
   367        100 152.24    129    534        100  66.25     16    219          0      0      0      0
   368        100 164.79    139    567        100  75.32     16    496          0      0      0      0
   369        100 153.78    128    519        100  68.39     16    231          0      0      0      0
   370        100 160.87    130   1056        100  75.78     16   1029          0      0      0      0
   371        100 161.92    139    527        100  71.61     16    203          0      0      0      0
   372        100 153.92    130    727        100  72.67     16    417          0      0      0      0
   373        100 156.89    129    482        100   72.3     16    249          0      0      0      0
   374        100 158.18    139    546        100  72.73     16    293          0      0      0      0
   375        100 156.57    132    519        100  67.49     16    262          0      0      0      0
   376        100 152.77    132    498        100  65.93     16    212          0      0      0      0
   377        100  154.3    132    498        100  70.53     16    193          0      0      0      0
   378        100 156.69    132    916        100  71.81     16    579          0      0      0      0
   379        100 159.86    136    764        100  69.75     16    182          0      0      0      0
   380        100 167.87    139    970        100  80.31     16    647          0      0      0      0
   381        100 158.79    129    833        100   73.5     16    791          0      0      0      0
   382        100 157.63    140    553        100   71.6     16    214          0      0      0      0
   383        100 156.32    129    513        100  76.54     16    492          0      0      0      0
   384        100 152.91    132    529        100  65.82     16    211          0      0      0      0
   385        100  178.9    129   2684        100  95.04     16   2374          0      0      0      0
   386        100 173.93    132   1130        100  69.73     16    418          0      0      0      0
   387        100 155.34    129    694        100  72.94     16    390          0      0      0      0
   388        100 155.85    140    530        100  71.79     16    258          0      0      0      0
   389        100 156.61    132    514        100  68.11     16    195          0      0      0      0
   390        100 155.99    132    520        100  64.15     16    215          0      0      0      0
   391        100 152.35    129    536        100  65.53     16    229          0      0      0      0
   392        100 154.61    139    501        100  72.99     16    210          0      0      0      0
   393        100 157.43    129    547        100  67.73     16    197          0      0      0      0
   394        100    152    129    521        100   66.8     16    220          0      0      0      0
   395        100 154.21    139    519        100  73.06     16    314          0      0      0      0
   396        100 159.99    129    761        100  67.15     16    297          0      0      0      0
   397        100 204.45    140   5405        100  71.33     16    205          0      0      0      0
   398        100 158.51    129    536        100   67.6     16    233          0      0      0      0
   399        100 156.81    132    525        100  67.43     16    255          0      0      0      0
   400        100 154.88    132    510        100  71.62     16    301          0      0      0      0
   401        100 152.91    133    503        100  69.16     16    250          0      0      0      0
   402        100 164.27    133    889        100  71.98     16    383          0      0      0      0
   403        100 154.12    133    522        100  71.63     16    280          0      0      0      0
   404        100 153.36    133    504        100   69.7     16    302          0      0      0      0
   405        100 165.72    133    758        100  71.95     16    496          0      0      0      0
   406        100 158.57    139    590        100  71.11     16    324          0      0      0      0
   407        100 162.75    139   1081        100  77.09     16    216          0      0      0      0
   408        100 160.87    140    537        100  73.93     16    489          0      0      0      0
   409        100 153.38    132    541        100  69.87     16    234          0      0      0      0
   410        100 155.37    132    726        100  70.34     16    417          0      0      0      0
   411        100 155.83    133    521        100  64.44     16    207          0      0      0      0
   412        100 165.54    134    556        100   70.3     16    244          0      0      0      0
   413        100 153.32    130    524        100  67.15     16    244          0      0      0      0
   414        100 158.37    139    518        100  70.69     16    185          0      0      0      0
   415        100 173.68    132   2058        100     90     16   2032          0      0      0      0
   416        100 156.21    137    535        100  70.48     16    245          0      0      0      0
   417        100 181.49    132   2753        100  87.57     16   2418          0      0      0      0
   418        100 157.07    132    765        100  73.66     16    433          0      0      0      0
   419        100 162.39    140    721        100  70.07     16    229          0      0      0      0
   420        100 155.03    132    512        100  69.35     16    299          0      0      0      0
   421        100 152.68    132    522        100  65.74     16    216          0      0      0      0
   422        100 158.56    129    595        100  72.76     16    235          0      0      0      0
   423        100 157.29    132    513        100  65.99     16    188          0      0      0      0
   424        100 153.14    128    523        100  69.91     16    234          0      0      0      0
   425        100 159.11    139    519        100  67.01     16    223          0      0      0      0
   426        100 156.69    132    528        100  66.67     16    240          0      0      0      0
   427        100 152.96    130    518        100  67.57     16    277          0      0      0      0
   428        100 154.98    139    532        100  70.02     16    196          0      0      0      0
   429        100 156.86    130    671        100  67.37     16    383          0      0      0      0
   430        100 162.84    140    697        100  74.74     16    492          0      0      0      0
   431        100 151.61    132    525        100  66.26     16    224          0      0      0      0
   432        100 157.35    140    550        100   74.1     16    498          0      0      0      0
   433        100 162.51    133    813        100  74.42     16    410          0      0      0      0
   434        100 153.11    129    517        100  71.44     16    228          0      0      0      0
   435        100 154.42    140    497        100   73.4     16    327          0      0      0      0
   436        100 159.61    132    643        100  67.65     16    181          0      0      0      0
   437        100 151.75    132    519        100  68.86     16    213          0      0      0      0
   438        100 152.19    132    476        100  65.98     16    175          0      0      0      0
   439        100 158.89    133    511        100  77.69     16    490          0      0      0      0
   440        100 157.08    140    789        100  71.45     16    355          0      0      0      0
   441        100 152.25    132    495        100  68.43     16    191          0      0      0      0
   442        100 155.92    133    513        100  70.23     16    383          0      0      0      0
   443        100 157.02    129    514        100  72.68     16    246          0      0      0      0
   444        100 151.48    132    488        100  65.59     16    185          0      0      0      0
   445        100 154.22    129    483        100  69.48     16    199          0      0      0      0
   446        100 157.87    140    528        100  71.73     16    288          0      0      0      0
   447        100 157.26    133    539        100  68.23     16    223          0      0      0      0
   448        100 156.91    133    507        100  69.04     16    202          0      0      0      0
   449        100    183    133   3192        100  94.23     16   2811          0      0      0      0
   450        100 156.18    133    569        100  70.12     16    221          0      0      0      0
   451        100 156.91    133    510        100  74.03     16    488          0      0      0      0
   452        100 154.56    139    536        100  72.56     16    329          0      0      0      0
   453        100 151.93    130    487        100  66.33     16    203          0      0      0      0
   454        100 157.34    140    855        100  75.98     16    547          0      0      0      0
   455        100 164.64    129    920        100  79.85     16    890          0      0      0      0
   456        100 153.66    130    534        100  67.85     16    347          0      0      0      0
   457        100 157.61    140    558        100  72.85     16    281          0      0      0      0
   458        100 163.15    129    538        100  73.94     16    497          0      0      0      0
   459        100 155.04    129    529        100  66.83     16    244          0      0      0      0
   460        100 153.91    139    510        100  71.65     16    187          0      0      0      0
   461        100  162.4    130    682        100  68.23     16    335          0      0      0      0
   462        100 154.91    129    597        100  72.68     16    340          0      0      0      0
   463        100 158.66    140    694        100  71.69     16    201          0      0      0      0
   464        100 162.96    133    575        100  71.64     16    381          0      0      0      0
   465        100 160.54    132    834        100  75.56     16    798          0      0      0      0
   466        100  152.5    132    517        100  66.08     16    201          0      0      0      0
   467        100 160.52    128    512        100  71.58     16    249          0      0      0      0
   468        100 151.63    132    509        100  67.19     16    203          0      0      0      0
   469        100  162.5    129   1224        100  80.27     16   1195          0      0      0      0
   470        100 158.38    140    526        100  69.75     16    495          0      0      0      0
   471        100 154.23    131    564        100  65.35     16    241          0      0      0      0
   472        100 157.58    140    513        100  74.38     16    392          0      0      0      0
   473        100 157.17    129    514        100  71.57     16    493          0      0      0      0
   474        100 155.16    140    537        100   71.5     16    212          0      0      0      0
   475        100 156.34    130    589        100  66.43     16    300          0      0      0      0
   476        100 158.38    139    559        100   70.8     16    195          0      0      0      0
   477        100 152.48    132    539        100  65.93     16    235          0      0      0      0
   478        100 162.36    140    805        100   71.8     16    251          0      0      0      0
   479        100 162.78    129    947        100  74.95     16    546          0      0      0      0
   480        100 156.42    129    677        100  65.55     16    238          0      0      0      0
   481        100 180.45    140   2877        100  97.44     16   2519          0      0      0      0
   482        100 155.95    129    580        100  67.46     16    254          0      0      0      0
   483        100 152.81    130    550        100  67.32     16    262          0      0      0      0
   484        100 153.27    140    505        100  70.06     16    183          0      0      0      0
   485        100 160.26    130    672        100  74.01     16    487          0      0      0      0
   486        100 159.18    140    544        100  76.76     16    508          0      0      0      0
   487        100 152.05    129    508        100  66.28     16    221          0      0      0      0
   488        100 156.56    140    524        100   71.2     16    180          0      0      0      0
   489        100 159.74    132    508        100   70.1     16    350          0      0      0      0
   490        100 151.73    130    514        100  66.35     16    217          0      0      0      0
   491        100 152.96    139    500        100  71.69     16    178          0      0      0      0
   492        100 157.45    132    510        100  69.33     16    409          0      0      0      0
   493        100 155.46    140    545        100  71.81     16    242          0      0      0      0
   494        100 159.86    130   1004        100  66.63     16    226          0      0      0      0
   495        100 158.96    140    549        100  73.16     16    270          0      0      0      0
   496        100 206.77    133   5477        100  66.36     16    229          0      0      0      0
   497        100 156.14    132    504        100  67.53     16    252          0      0      0      0
   498        100  158.9    133    577        100  69.94     16    270          0      0      0      0
   499        100 155.59    139    550        100   70.8     16    225          0      0      0      0
   500        100 153.56    132    486        100  65.62     16    200          0      0      0      0
   501        100 160.49    140    531        100  77.53     16    495          0      0      0      0
   502        100 153.21    129    620        100  67.11     16    236          0      0      0      0
   503        100 151.95    129    496        100  66.15     16    220          0      0      0      0
   504        100 157.65    140    552        100  73.29     16    296          0      0      0      0
   505        100 163.02    132    865        100  68.13     16    230          0      0      0      0
   506        100 153.28    132    558        100  71.16     16    354          0      0      0      0
   507        100  159.4    129    738        100   73.3     16    466          0      0      0      0
   508        100 154.93    129    555        100  67.98     16    243          0      0      0      0
   509        100 154.23    132    523        100  68.93     16    320          0      0      0      0
   510        100 158.85    132    497        100  72.24     16    431          0      0      0      0
   511        100 165.68    132    906        100  73.39     16    514          0      0      0      0
   512        100  173.8    133   2215        100  71.18     16    271          0      0      0      0
   513        100 184.18    133   2940        100 101.38     16   2592          0      0      0      0
   514        100 209.93    133   3171        100  68.44     16    252          0      0      0      0
   515        100  159.1    140    666        100   73.1     16    371          0      0      0      0
   516        100 171.89    132   1041        100  75.54     16    621          0      0      0      0
   517        100 159.88    132    721        100  70.28     16    264          0      0      0      0
   518        100 167.71    132   1041        100  81.05     16   1018          0      0      0      0
   519        100 266.75    129   5054        100 141.53     16   2880          0      0      0      0
   520        100 434.48    129   9614        100 146.19     16   2258          0      0      0      0
   521        100 285.18    129   4840        100  81.57     16    518          0      0      0      0
   522        100 159.96    133    862        100  69.18     16    494          0      0      0      0
   523        100 152.51    129    531        100  68.22     16    243          0      0      0      0
   524        100 151.55    132    492        100   65.1     16    197          0      0      0      0
   525        100 166.89    139    668        100  74.67     16    410          0      0      0      0
   526        100 154.58    128    516        100  67.58     16    228          0      0      0      0
   527        100 151.53    129    500        100  65.62     16    213          0      0      0      0
   528        100 158.05    140    518        100  72.33     16    336          0      0      0      0
   529        100 153.43    129    681        100  67.57     16    332          0      0      0      0
   530        100  153.1    139    532        100  72.69     16    264          0      0      0      0
   531        100 156.66    130    516        100  69.36     16    495          0      0      0      0
   532        100 156.85    140    534        100  73.86     16    378          0      0      0      0
   533        100 153.76    129    512        100   66.6     16    203          0      0      0      0
   534        100 155.79    130    546        100  67.28     16    258          0      0      0      0
   535        100    160    139    520        100  70.55     16    194          0      0      0      0
   536        100  153.5    129    513        100  67.35     16    226          0      0      0      0
   537        100  154.4    129    576        100  67.76     16    218          0      0      0      0
   538        100  157.9    139    538        100  72.34     16    276          0      0      0      0
   539        100 151.74    129    520        100  67.29     16    222          0      0      0      0
   540        100 154.83    140    513        100  71.15     16    178          0      0      0      0
   541        100 155.32    132    481        100  68.26     16    179          0      0      0      0
   542        100  152.6    132    511        100  67.87     16    298          0      0      0      0
   543        100  157.8    129    485        100  72.17     16    261          0      0      0      0
   544        100 160.91    140    736        100  77.13     16    494          0      0      0      0
   545        100 180.22    133   2970        100  92.95     16   2621          0      0      0      0
   546        100 153.12    132    598        100  68.76     16    270          0      0      0      0
   547        100  160.6    133    640        100  74.68     16    492          0      0      0      0
   548        100 153.96    140    546        100  70.76     16    212          0      0      0      0
   549        100 152.46    129    517        100  66.62     16    217          0      0      0      0
   550        100 165.44    140    857        100  77.94     16    660          0      0      0      0
   551        100 153.12    129    513        100  68.87     16    225          0      0      0      0
   552        100 154.92    130    487        100  68.89     16    394          0      0      0      0
   553        100  159.7    139    573        100  72.31     16    199          0      0      0      0
   554        100 155.96    130    876        100  71.44     16    545          0      0      0      0
   555        100  155.7    139    515        100  71.13     16    191          0      0      0      0
   556        100 154.49    130    487        100  66.56     16    245          0      0      0      0
   557        100 163.02    139    546        100  73.98     16    219          0      0      0      0
   558        100 153.92    129    504        100  68.42     16    217          0      0      0      0
   559        100 156.57    129    537        100  65.41     16    206          0      0      0      0
   560        100 159.14    140    572        100  72.97     16    246          0      0      0      0
   561        100 166.95    133    890        100  67.66     16    240          0      0      0      0
   562        100  153.8    132    501        100  65.77     16    245          0      0      0      0
   563        100 157.88    132    513        100  68.66     16    224          0      0      0      0
   564        100 151.94    132    519        100  66.77     16    220          0      0      0      0
   565        100 159.78    134    672        100  71.19     16    200          0      0      0      0
   566        100 156.43    132    536        100  67.04     16    243          0      0      0      0
   567        100 152.42    128    518        100  71.02     16    230          0      0      0      0
   568        100  161.8    140    538        100  72.38     16    247          0      0      0      0
   569        100 156.86    132    513        100   70.7     16    245          0      0      0      0
   570        100 153.54    132    507        100  68.93     16    225          0      0      0      0
   571        100 155.57    132    519        100   69.5     16    208          0      0      0      0
   572        100 159.87    133    629        100  73.51     16    494          0      0      0      0
   573        100 157.56    132    697        100  69.45     16    205          0      0      0      0
   574        100 152.55    133    496        100  68.85     16    239          0      0      0      0
   575        100 166.53    132    693        100  72.95     16    492          0      0      0      0
   576        100 152.84    133    517        100  74.56     16    225          0      0      0      0
   577        100  182.1    129   2909        100  99.19     16   2590          0      0      0      0
   578        100 163.94    139    999        100  71.89     16    277          0      0      0      0
   579        100 153.47    132    523        100  69.85     16    216          0      0      0      0
   580        100 155.35    132    542        100  66.51     16    182          0      0      0      0
   581        100 160.55    129    541        100  71.25     16    216          0      0      0      0
   582        100 152.42    132    512        100  61.51     16    206          0      0      0      0
   583        100 153.85    133    485        100  69.94     16    222          0      0      0      0
   584        100 161.18    139    558        100  71.91     16    210          0      0      0      0
   585        100 156.66    132    573        100  67.44     16    236          0      0      0      0
   586        100 152.89    132    492        100  63.43     16    205          0      0      0      0
   587        100 162.36    133    528        100  73.21     16    497          0      0      0      0
   588        100 153.53    132    522        100  68.71     16    243          0      0      0      0
   589        100 162.15    140    654        100  72.76     16    258          0      0      0      0
   590        100 156.75    130    524        100  71.18     16    385          0      0      0      0
   591        100  154.4    139    542        100  70.72     16    215          0      0      0      0
   592        100 210.22    133   5289        100  67.01     16    209          0      0      0      0
   593        100 160.25    139    543        100  73.68     16    311          0      0      0      0
   594        100 156.73    132    529        100  67.21     16    241          0      0      0      0
   595        100 152.78    132    501        100  67.53     16    205          0      0      0      0
   596        100 157.97    139    524        100  75.87     16    495          0      0      0      0
   597        100 153.69    133    532        100  65.49     16    232          0      0      0      0
   598        100 154.94    140    655        100  71.59     16    184          0      0      0      0
   599        100 155.41    132    516        100  65.76     16    201          0      0      0      0
   600        100 162.11    140    717        100  71.47     16    199          0      0      0      0
   601        100 154.15    129    526        100  67.81     16    341          0      0      0      0
   602        100  160.7    140    616        100   72.8     16    331          0      0      0      0
   603        100    158    129    515        100  69.11     16    416          0      0      0      0
   604        100 155.57    132    520        100  67.27     16    268          0      0      0      0
   605        100 156.29    139    515        100  73.44     16    341          0      0      0      0
   606        100 163.05    129    575        100  73.17     16    377          0      0      0      0
   607        100 152.78    130    516        100  66.86     16    265          0      0      0      0
   608        100 158.75    140    502        100  72.64     16    181          0      0      0      0
   609        100 188.18    129   3600        100   97.2     16   3231          0      0      0      0
   610        100 170.85    130   2190        100  67.06     16    264          0      0      0      0
   611        100 156.01    139    761        100  72.98     16    369          0      0      0      0
   612        100 159.84    133    511        100  69.03     16    419          0      0      0      0
   613        100 155.74    140    571        100   72.8     16    244          0      0      0      0
   614        100 156.67    129    652        100  71.75     16    630          0      0      0      0
   615        100 164.83    139   1044        100  77.97     16    445          0      0      0      0
   616        100 152.43    133    559        100  65.26     16    230          0      0      0      0
   617        100 157.47    140    523        100  71.45     16    226          0      0      0      0
   618        100 159.15    132    680        100   66.8     16    336          0      0      0      0
   619        100 153.78    140    527        100  70.77     16    203          0      0      0      0
   620        100 154.52    130    530        100  65.63     16    231          0      0      0      0
   621        100 159.27    139    540        100  71.44     16    201          0      0      0      0
   622        100 153.77    129    529        100  67.57     16    224          0      0      0      0
   623        100 152.88    130    488        100   65.6     16    202          0      0      0      0
   624        100 160.71    139    516        100  77.08     16    487          0      0      0      0
   625        100 161.94    132    773        100  65.41     16    233          0      0      0      0
   626        100 151.31    132    493        100  67.71     16    221          0      0      0      0
   627        100 158.42    135    543        100  69.83     16    295          0      0      0      0
   628        100 152.67    133    523        100  69.08     16    237          0      0      0      0
   629        100 155.02    133    690        100  70.92     16    384          0      0      0      0
   630        100 176.26    133   1345        100  81.74     16    795          0      0      0      0
   631        100  153.7    133    535        100  68.16     16    226          0      0      0      0
   632        100 153.29    132    569        100  67.77     16    185          0      0      0      0
   633        100 157.59    133    551        100  69.49     16    186          0      0      0      0
   634        100 158.39    140    562        100  75.19     16    504          0      0      0      0
   635        100 153.02    129    514        100  67.01     16    225          0      0      0      0
   636        100 159.64    140    747        100  71.99     16    287          0      0      0      0
   637        100    152    129    523        100  71.73     16    248          0      0      0      0
   638        100 152.55    133    500        100   71.6     16    232          0      0      0      0
   639        100 164.33    139    515        100  77.17     16    493          0      0      0      0
   640        100  153.7    129    573        100  69.28     16    285          0      0      0      0
   641        100  176.8    130   2958        100  90.59     16   2634          0      0      0      0
   642        100 160.69    139    570        100  73.84     16    352          0      0      0      0
   643        100 156.49    131    495        100   69.6     16    415          0      0      0      0
   644        100 154.02    132    531        100  68.87     16    433          0      0      0      0
   645        100 153.87    140    503        100  72.97     16    265          0      0      0      0
   646        100 160.95    132    645        100  74.01     16    494          0      0      0      0
   647        100 153.66    139    532        100  72.21     16    207          0      0      0      0
   648        100 151.56    132    482        100  65.96     16    205          0      0      0      0
   649        100 163.45    139    663        100   73.2     16    256          0      0      0      0
   650        100 153.25    129    525        100  66.22     16    225          0      0      0      0
   651        100 153.51    130    509        100  65.37     16    204          0      0      0      0
   652        100  157.6    140    521        100  75.25     16    497          0      0      0      0
   653        100 158.14    133    515        100  67.51     16    228          0      0      0      0
   654        100 155.99    130    641        100  66.66     16    221          0      0      0      0
   655        100    158    139    559        100  71.15     16    188          0      0      0      0
   656        100 166.58    131    646        100  68.94     16    243          0      0      0      0
   657        100 153.25    132    519        100  66.93     16    229          0      0      0      0
   658        100 156.32    133    507        100  70.79     16    370          0      0      0      0
   659        100 152.94    133    521        100  69.22     16    229          0      0      0      0
   660        100 166.85    133   1481        100  69.88     16    267          0      0      0      0
   661        100 159.15    134    572        100  78.68     16    454          0      0      0      0
   662        100 153.69    129    576        100  69.64     16    273          0      0      0      0
   663        100 154.34    129    486        100  72.87     16    313          0      0      0      0
   664        100 157.26    132    586        100  69.37     16    555          0      0      0      0
   665        100 162.68    132    557        100  77.83     16    471          0      0      0      0
   666        100 162.09    129    750        100   66.2     16    240          0      0      0      0
   667        100  158.7    132    633        100  70.24     16    251          0      0      0      0
   668        100 157.92    132    537        100  72.89     16    380          0      0      0      0
   669        100 1273.99    133  19703        100 162.99     16   9268          0      0      0      0
   670        100 1898.58    132  27615        100  74.96     16    219          0      0      0      0
   671        100 1818.43    132  18989        100  76.09     16    305          0      0      0      0
   672        100 1888.4    132  59289        100   72.6     16    348          0      0      0      0
