# PING PONG measurements (in us)
# Executed at: 14894.102135
#           Roundtrip time [us]             Write-access time [us]          Read-access time [us]
# Block     Count   mean    min    max      Count   mean    min    max      Count   mean    min    max
     2        100 601.51    127  31593        100  60.09     27    412          0      0      0      0
     3        100 244.97    127    907        100  66.26     17    499          0      0      0      0
     4        100 231.45    127    739        100  67.13     16    449          0      0      0      0
     5        100 241.38    127   1174        100  69.44     16    497          0      0      0      0
     6        100 248.57    127   1236        100   61.6     16    518          0      0      0      0
     7        100 246.44    127    954        100  58.72     17    445          0      0      0      0
     8        100 230.67    127    797        100  51.38     27    310          0      0      0      0
     9        100 254.72    127    938        100  72.14     16    874          0      0      0      0
    10        100 251.93    127   1128        100  68.99     16    475          0      0      0      0
    11        100 247.39    127   1089        100  73.34     16    790          0      0      0      0
    12        100 223.05    127    819        100  60.19     16    455          0      0      0      0
    13        100 260.64    127   1105        100  88.82     16    707          0      0      0      0
    14        100 242.77    127   1213        100   69.1     16    564          0      0      0      0
    15        100  242.5    127   1217        100  54.62     27    460          0      0      0      0
    16        100 236.03    127    798        100  58.55     16    447          0      0      0      0
    17        100 235.46    127    759        100  66.74     16    468          0      0      0      0
    18        100 241.01    127   1011        100  70.51     16    474          0      0      0      0
    19        100 242.91    127    939        100  68.28     16    505          0      0      0      0
    20        100 233.04    127   1052        100  65.03     16    425          0      0      0      0
    21        100 223.77    127    949        100  52.18     27    418          0      0      0      0
    22        100 233.95    127   1196        100  75.61     16    733          0      0      0      0
    23        100 239.36    127   1047        100  57.77     16    423          0      0      0      0
    24        100 242.66    127   1232        100  69.47     16    465          0      0      0      0
    25        100 230.52    127   1392        100  61.71     27   1366          0      0      0      0
    26        100 268.45    127   2609        100  71.07     16    652          0      0      0      0
    27        100 256.22    127   1631        100  78.76     16   1602          0      0      0      0
    28        100 221.95    127    715        100  64.69     16    425          0      0      0      0
    29        100 252.15    127   1282        100  77.47     16    709          0      0      0      0
    30        100 232.97    127    959        100  67.75     16    445          0      0      0      0
    31        100 243.23    127   1144        100  61.58     16    463          0      0      0      0
    32        100 284.32    127   3008        100  67.13     27    607          0      0      0      0
    33        100 261.49    127   2625        100  66.65     16    754          0      0      0      0
    34        100 223.51    127    887        100  60.85     16    447          0      0      0      0
    35        100 258.42    127   1256        100  70.99     16    661          0      0      0      0
    36        100 243.73    127   1127        100  71.28     16    501          0      0      0      0
    37        100 236.79    127   1173        100   63.6     16    479          0      0      0      0
    38        100 261.59    127   1411        100   78.3     16   1004          0      0      0      0
    39        100 229.59    127    798        100  65.92     16    480          0      0      0      0
    40        100 243.57    127   1111        100  71.38     16    485          0      0      0      0
    41        100 238.45    127   1164        100  55.19     27    446          0      0      0      0
    42        100 228.55    127    696        100  54.43     27    462          0      0      0      0
    43        100 250.52    127    855        100  62.63     16    450          0      0      0      0
    44        100 240.46    127    889        100  65.77     16    445          0      0      0      0
    45        100 327.93    127   9694        100   67.6     16    700          0      0      0      0
    46        100  234.8    127    947        100  64.86     16    484          0      0      0      0
    47        100 240.56    127   1008        100  62.47     16    478          0      0      0      0
    48        100 237.43    127    872        100  67.45     16    449          0      0      0      0
    49        100 249.49    127   1119        100  76.01     16    555          0      0      0      0
    50        100 220.71    127    795        100  59.03     16    457          0      0      0      0
    51        100 244.65    127   1149        100  63.09     16    720          0      0      0      0
    52        100 220.45    127    771        100  61.44     16    428          0      0      0      0
    53        100 235.39    127   1052        100  67.94     16    469          0      0      0      0
    54        100 249.15    127   1906        100  72.08     16    907          0      0      0      0
    55        100 228.77    127   1097        100  61.82     16    479          0      0      0      0
    56        100 241.18    127   1181        100  72.73     16    553          0      0      0      0
    57        100 247.09    127   1463        100   63.6     17    448          0      0      0      0
    58        100 231.93    127   1067        100  49.55     27    315          0      0      0      0
    59        100 246.56    127    985        100  64.62     16    458          0      0      0      0
    60        100 237.59    127    855        100  62.89     16    475          0      0      0      0
    61        100 231.87    127   1141        100  63.33     16    463          0      0      0      0
    62        100 229.31    127    986        100  66.37     16    451          0      0      0      0
    63        100 234.87    127    995        100  57.35     17    424          0      0      0      0
    64        100 253.57    127   1259        100  68.17     16    522          0      0      0      0
    65        100 236.01    127   2558        100  57.52     18    422          0      0      0      0
    66        100 234.29    127    857        100  60.27     16    439          0      0      0      0
    67        100 232.26    127   1425        100  58.05     27    344          0      0      0      0
    68        100 245.52    127   1467        100  76.93     16   1439          0      0      0      0
    69        100 241.22    127    972        100  68.74     16    472          0      0      0      0
    70        100  279.3    127   2327        100   81.4     16   1865          0      0      0      0
    71        100 226.79    127   1370        100  60.41     16    467          0      0      0      0
    72        100 250.06    127   1545        100  67.15     16    447          0      0      0      0
    73        100 232.78    127   1245        100  56.55     27    788          0      0      0      0
    74        100  235.6    127    811        100  56.34     27    699          0      0      0      0
    75        100 240.01    127    830        100  71.28     16    461          0      0      0      0
    76        100  242.6    127    886        100  67.85     17    511          0      0      0      0
    77        100 232.31    127    978        100  65.04     16    700          0      0      0      0
    78        100 243.79    127    931        100  61.67     16    451          0      0      0      0
    79        100 239.57    127   1285        100  63.25     16    484          0      0      0      0
    80        100 246.44    127   1474        100  67.33     16    476          0      0      0      0
    81        100 239.19    127    739        100  64.13     16    529          0      0      0      0
    82        100 250.67    127   1022        100  70.35     16    557          0      0      0      0
    83        100  422.9    127  18642        100 248.87     16  18610          0      0      0      0
    84        100 235.94    127   1057        100  67.52     16    702          0      0      0      0
    85        100 248.12    127   1014        100  58.43     27    448          0      0      0      0
    86        100 232.61    127    766        100  53.46     27    332          0      0      0      0
    87        100 236.27    127    973        100  67.29     16    476          0      0      0      0
    88        100 246.67    127    781        100  66.49     17    453          0      0      0      0
    89        100 251.84    127    981        100  74.22     17    948          0      0      0      0
    90        100 230.28    127    954        100  66.81     16    445          0      0      0      0
    91        100 241.68    127    841        100  72.57     16    527          0      0      0      0
    92        100 251.85    127    836        100  82.66     16    573          0      0      0      0
    93        100 237.84    127    846        100  58.18     16    447          0      0      0      0
    94        100  244.5    127    791        100  63.95     17    425          0      0      0      0
    95        100 252.39    127   7540        100  71.22     16    499          0      0      0      0
    96        100 154.05    124    872        100  65.69     15    239          0      0      0      0
    97        100 180.14    126   3678        100     88     15   2376          0      0      0      0
    98        100 153.05    134    590        100  74.81     15    439          0      0      0      0
    99        100 260.02    128  10517        100 169.07     15  10468          0      0      0      0
   100        100 148.98    135    514        100  70.04     15    270          0      0      0      0
   101        100 168.98    127   1411        100  65.46     15    195          0      0      0      0
   102        100 151.03    128    661        100  68.43     15    324          0      0      0      0
   103        100  146.4    128    483        100  64.67     15    230          0      0      0      0
   104        100 153.56    124    517        100  69.24     15    219          0      0      0      0
   105        100 161.19    135   1171        100  68.94     15    255          0      0      0      0
   106        100 155.59    128   1162        100  73.47     15    708          0      0      0      0
   107        100 157.52    135    656        100  73.52     15    630          0      0      0      0
   108        100 149.21    135    551        100  71.34     15    215          0      0      0      0
   109        100 147.15    125    480        100  65.55     16    264          0      0      0      0
   110        100 157.84    135    496        100  71.17     15    178          0      0      0      0
   111        100 147.77    125    542        100  65.29     15    229          0      0      0      0
   112        100 152.27    125    508        100  65.96     15    218          0      0      0      0
   113        100 153.47    134    551        100  74.49     15    493          0      0      0      0
   114        100 157.99    127    643        100  65.93     15    241          0      0      0      0
   115        100 146.37    128    534        100  65.04     15    230          0      0      0      0
   116        100 153.75    127    478        100  68.37     15    290          0      0      0      0
   117        100  151.8    127    511        100  71.39     15    366          0      0      0      0
   118        100 152.69    128    491        100  68.04     15    191          0      0      0      0
   119        100 154.24    128    513        100  71.01     16    356          0      0      0      0
   120        100  153.5    135    709        100  70.07     15    217          0      0      0      0
   121        100 147.97    128    487        100  64.45     15    206          0      0      0      0
   122        100 152.06    135    658        100  69.98     15    179          0      0      0      0
   123        100 151.95    126    618        100  67.03     15    335          0      0      0      0
   124        100 149.72    135    515        100  70.59     15    195          0      0      0      0
   125        100 146.17    127    525        100  64.16     15    244          0      0      0      0
   126        100 153.56    135    491        100  69.61     15    174          0      0      0      0
   127        100 148.21    125    724        100  65.33     15    374          0      0      0      0
   128        100 149.87    134    517        100  70.83     15    201          0      0      0      0
   129        100 171.69    126   2388        100  89.69     16   2088          0      0      0      0
   130        100 153.62    135    606        100  71.84     16    252          0      0      0      0
   131        100 145.32    125    519        100  64.58     15    221          0      0      0      0
   132        100 152.08    127    553        100  68.47     15    494          0      0      0      0
   133        100 148.47    128    515        100  70.79     15    251          0      0      0      0
   134        100 149.22    125    516        100  64.94     15    203          0      0      0      0
   135        100 160.76    126   1479        100  83.29     15   1450          0      0      0      0
   136        100 154.67    134    994        100  72.22     15    479          0      0      0      0
   137        100  146.9    128    493        100   67.9     15    206          0      0      0      0
   138        100 152.21    127    497        100  65.72     15    370          0      0      0      0
   139        100 155.53    125    506        100  73.26     15    487          0      0      0      0
   140        100 147.58    127    500        100  63.98     15    199          0      0      0      0
   141        100 148.22    125    479        100  64.47     15    200          0      0      0      0
   142        100 152.66    129    510        100  70.72     15    491          0      0      0      0
   143        100 149.07    135    533        100  70.86     15    212          0      0      0      0
   144        100 157.95    127    906        100  67.82     15    484          0      0      0      0
   145        100 151.59    127    527        100  67.81     15    398          0      0      0      0
   146        100 152.43    127    673        100  67.35     15    217          0      0      0      0
   147        100 156.88    127    662        100   67.9     15    206          0      0      0      0
   148        100 155.14    128    547        100  67.62     15    203          0      0      0      0
   149        100 149.97    135    534        100  69.71     15    212          0      0      0      0
   150        100 149.49    125    520        100  65.76     15    217          0      0      0      0
   151        100 147.96    135    564        100  69.96     15    243          0      0      0      0
   152        100 159.41    125    758        100  70.16     15    400          0      0      0      0
   153        100 149.54    135    595        100  71.51     15    227          0      0      0      0
   154        100 147.62    125    514        100  63.45     15    202          0      0      0      0
   155        100 152.14    135    501        100   71.4     15    278          0      0      0      0
   156        100  156.5    126    693        100  66.24     16    252          0      0      0      0
   157        100 154.36    135    538        100  77.67     15    483          0      0      0      0
   158        100 152.84    127    509        100  68.44     15    489          0      0      0      0
   159        100 153.77    125    672        100  69.29     15    237          0      0      0      0
   160        100 151.29    135    729        100  70.23     15    283          0      0      0      0
   161        100  168.7    128   2514        100  87.52     15   2195          0      0      0      0
   162        100  153.3    127    679        100  64.52     15    219          0      0      0      0
   163        100 155.48    124    521        100  69.24     15    219          0      0      0      0
   164        100 147.53    127    512        100  64.43     15    190          0      0      0      0
   165        100 153.15    125    512        100  71.15     15    313          0      0      0      0
   166        100 149.33    135    538        100  69.73     15    224          0      0      0      0
   167        100 149.86    127    478        100   67.8     15    235          0      0      0      0
   168        100 151.77    127    504        100  64.08     15    433          0      0      0      0
   169        100 156.36    135   1008        100  78.48     15    984          0      0      0      0
   170        100 147.37    125    517        100  65.64     15    233          0      0      0      0
   171        100 154.38    135    512        100  73.12     15    387          0      0      0      0
   172        100 155.31    127   1133        100  71.08     15    765          0      0      0      0
   173        100 149.33    135    520        100  69.76     15    211          0      0      0      0
   174        100 150.38    125    551        100  64.13     15    197          0      0      0      0
   175        100 150.78    135    531        100  72.93     15    491          0      0      0      0
   176        100 148.57    125    517        100  70.38     15    236          0      0      0      0
   177        100 152.28    135    613        100  72.23     15    285          0      0      0      0
   178        100 149.41    128    510        100  67.45     15    208          0      0      0      0
   179        100 151.82    127    500        100  67.44     15    410          0      0      0      0
   180        100 149.19    124    494        100  70.13     15    298          0      0      0      0
   181        100 151.39    128    609        100  65.02     15    242          0      0      0      0
   182        100  147.5    127    502        100  67.33     15    199          0      0      0      0
   183        100 146.49    127    479        100  67.36     15    181          0      0      0      0
   184        100 151.66    127    510        100  71.98     15    491          0      0      0      0
   185        100 147.67    127    536        100  66.68     15    216          0      0      0      0
   186        100 148.81    128    552        100  68.57     15    251          0      0      0      0
   187        100 149.78    129    480        100     66     15    181          0      0      0      0
   188        100 148.68    127    509        100  67.45     15    207          0      0      0      0
   189        100  148.7    128    522        100  67.25     15    221          0      0      0      0
   190        100 154.12    128    586        100  71.52     15    412          0      0      0      0
   191        100 152.96    127    746        100  72.16     15    493          0      0      0      0
   192        100 147.11    127    523        100  65.55     15    200          0      0      0      0
   193        100 166.07    128   2465        100  84.89     16   2145          0      0      0      0
   194        100 155.31    133    866        100  71.34     15    413          0      0      0      0
   195        100 152.04    135    519        100  71.84     15    326          0      0      0      0
   196        100 147.63    127    495        100  65.93     15    194          0      0      0      0
   197        100 151.65    127    491        100  69.07     15    369          0      0      0      0
   198        100 218.52    124   6006        100  76.41     15    929          0      0      0      0
   199        100 151.07    134    527        100  71.81     15    416          0      0      0      0
   200        100 156.16    127    879        100  66.68     15    329          0      0      0      0
   201        100 148.64    127    507        100  63.53     15    204          0      0      0      0
   202        100 147.12    125    512        100  69.19     15    232          0      0      0      0
   203        100 153.23    134    509        100  72.03     15    490          0      0      0      0
   204        100 153.33    127    585        100  71.87     15    400          0      0      0      0
   205        100 149.52    127    603        100  66.24     15    299          0      0      0      0
   206        100 150.61    125    489        100   64.2     15    208          0      0      0      0
   207        100 148.63    129    512        100  68.53     15    211          0      0      0      0
   208        100 175.18    135   2668        100  95.84     15   2645          0      0      0      0
   209        100 148.81    125    499        100  68.57     15    377          0      0      0      0
   210        100 155.57    128    534        100  72.86     15    514          0      0      0      0
   211        100 151.18    135    569        100  69.95     15    210          0      0      0      0
   212        100 147.03    128    611        100     65     15    222          0      0      0      0
   213        100 154.51    129    616        100  71.24     15    397          0      0      0      0
   214        100 147.98    135    523        100  69.83     15    255          0      0      0      0
   215        100 150.49    125    477        100  64.45     15    198          0      0      0      0
   216        100 154.38    135    519        100  72.08     15    200          0      0      0      0
   217        100 147.77    125    502        100  65.89     15    220          0      0      0      0
   218        100  145.2    125    478        100   63.2     15    199          0      0      0      0
   219        100 153.91    135    518        100  73.25     15    489          0      0      0      0
   220        100 150.82    126    590        100  68.47     15    339          0      0      0      0
   221        100 145.52    128    552        100  60.96     15    237          0      0      0      0
   222        100 153.29    125    711        100  69.24     15    386          0      0      0      0
   223        100 151.65    135    706        100  68.28     15    211          0      0      0      0
   224        100 147.78    125    506        100  64.53     15    205          0      0      0      0
   225        100 168.97    135   2749        100  90.52     15   2338          0      0      0      0
   226        100 154.16    127    904        100  68.75     15    450          0      0      0      0
   227        100 152.72    130    683        100  69.29     15    215          0      0      0      0
   228        100 147.31    127    494        100  67.76     15    215          0      0      0      0
   229        100 151.38    128    647        100  66.64     15    180          0      0      0      0
   230        100 149.57    127    629        100  68.46     15    308          0      0      0      0
   231        100 148.48    127    479        100  66.43     15    351          0      0      0      0
   232        100 146.36    125    479        100  69.58     15    206          0      0      0      0
   233        100 151.55    135    485        100  68.57     15    196          0      0      0      0
   234        100 149.11    127    661        100  68.05     15    378          0      0      0      0
   235        100 148.38    127    494        100  66.69     15    194          0      0      0      0
   236        100  150.7    127    508        100  69.16     15    488          0      0      0      0
   237        100 147.59    129    502        100   70.8     15    220          0      0      0      0
   238        100 150.01    128    482        100  68.61     15    262          0      0      0      0
   239        100 150.11    127    514        100  70.41     15    495          0      0      0      0
   240        100 146.43    128    518        100  69.09     15    217          0      0      0      0
   241        100 150.81    125    477        100  65.41     15    284          0      0      0      0
   242        100 154.33    135    730        100  72.31     15    406          0      0      0      0
   243        100 151.78    125    773        100  66.67     15    363          0      0      0      0
   244        100 148.52    135    503        100  69.95     15    201          0      0      0      0
   245        100 150.39    125    509        100  64.75     15    201          0      0      0      0
   246        100 149.13    135    534        100   76.2     15    292          0      0      0      0
   247        100 149.93    127    478        100   68.4     15    292          0      0      0      0
   248        100 148.92    128    495        100  63.01     15    194          0      0      0      0
   249        100 151.16    124    659        100  69.54     15    231          0      0      0      0
   250        100 151.57    135    505        100  71.88     15    463          0      0      0      0
   251        100 147.45    128    505        100  66.33     15    204          0      0      0      0
   252        100 157.95    127    727        100  72.51     15    421          0      0      0      0
   253        100  149.4    124    546        100  70.07     15    281          0      0      0      0
   254        100 151.47    135    544        100  70.33     15    302          0      0      0      0
   255        100 151.35    128    539        100  66.78     15    189          0      0      0      0
   256        100 151.11    128    853        100  68.86     15    507          0      0      0      0
   257        100 173.86    135   2927        100  93.03     16   2604          0      0      0      0
   258        100 152.98    128    562        100  69.11     15    329          0      0      0      0
   259        100 153.87    128    671        100  67.08     15    233          0      0      0      0
   260        100  156.2    135    757        100  73.54     15    451          0      0      0      0
   261        100 148.59    127    489        100   66.5     15    189          0      0      0      0
   262        100 155.91    127    544        100  70.59     15    465          0      0      0      0
   263        100 150.69    128    514        100  67.52     15    213          0      0      0      0
   264        100 147.34    128    482        100  68.43     15    183          0      0      0      0
   265        100 153.97    135    493        100  72.27     15    248          0      0      0      0
   266        100 152.81    126    499        100  65.89     15    218          0      0      0      0
   267        100 152.26    135    586        100  69.07     15    189          0      0      0      0
   268        100 153.68    127    737        100  70.04     15    488          0      0      0      0
   269        100 148.67    135    561        100  70.67     15    239          0      0      0      0
   270        100 145.94    125    475        100  66.12     16    205          0      0      0      0
   271        100 156.84    135    598        100  68.73     15    179          0      0      0      0
   272        100 155.27    126    777        100   71.8     15    693          0      0      0      0
   273        100 151.26    135    785        100   73.3     15    450          0      0      0      0
   274        100 150.89    125    511        100  69.94     15    277          0      0      0      0
   275        100 152.02    125    808        100  71.68     15    611          0      0      0      0
   276        100  151.4    128    951        100   68.2     15    210          0      0      0      0
   277        100 148.31    124    513        100  65.81     15    201          0      0      0      0
   278        100  153.7    125    553        100  66.99     15    212          0      0      0      0
   279        100 149.04    125    537        100  67.87     16    219          0      0      0      0
   280        100 146.95    125    476        100  66.13     15    197          0      0      0      0
   281        100 159.18    128    747        100  68.42     16    381          0      0      0      0
   282        100 147.43    124    519        100  64.65     16    233          0      0      0      0
   283        100 149.67    127    539        100  66.04     15    179          0      0      0      0
   284        100 151.58    127    534        100  69.81     16    252          0      0      0      0
   285        100 167.63    127   2155        100  74.65     15    974          0      0      0      0
   286        100  146.2    125    490        100  63.84     15    209          0      0      0      0
   287        100 151.25    135    518        100  74.73     15    255          0      0      0      0
   288        100 149.53    127    587        100  65.15     15    222          0      0      0      0
   289        100 173.22    125   2630        100  90.48     15   2324          0      0      0      0
   290        100 150.09    127    582        100  63.49     15    233          0      0      0      0
   291        100 148.67    124    530        100  69.07     15    227          0      0      0      0
   292        100 149.67    135    492        100   69.4     15    238          0      0      0      0
   293        100 160.15    128    987        100  66.25     15    263          0      0      0      0
   294        100 150.35    128    522        100  67.98     15    254          0      0      0      0
   295        100 147.48    125    504        100  70.23     15    222          0      0      0      0
   296        100 147.85    135    487        100  69.39     15    198          0      0      0      0
   297        100 150.49    127    614        100  67.04     15    311          0      0      0      0
   298        100 150.77    135    650        100  71.49     15    355          0      0      0      0
   299        100 149.58    127    496        100  67.41     15    195          0      0      0      0
   300        100 152.24    128    493        100  70.74     15    473          0      0      0      0
   301        100 159.65    127   1223        100  74.79     15    929          0      0      0      0
   302        100  549.7    128  23363        100  73.35     15    360          0      0      0      0
   303        100 157.91    128    520        100  69.99     15    216          0      0      0      0
   304        100 169.92    128    956        100  79.57     16    550          0      0      0      0
   305        100 167.64    135    646        100  78.49     15    504          0      0      0      0
   306        100 160.97    134    614        100  76.03     15    291          0      0      0      0
   307        100 165.47    125    786        100   74.8     16    414          0      0      0      0
   308        100 235.63    129   7082        100 143.73     16   7057          0      0      0      0
   309        100 171.21    128    659        100  72.13     15    401          0      0      0      0
   310        100 157.92    128    855        100  69.71     15    218          0      0      0      0
   311        100 165.43    129    660        100   74.5     15    340          0      0      0      0
   312        100 160.67    128    660        100  73.84     15    267          0      0      0      0
   313        100 163.52    127    512        100  74.52     15    494          0      0      0      0
   314        100 165.94    128    587        100  74.95     15    284          0      0      0      0
   315        100 158.66    128    490        100  75.95     15    333          0      0      0      0
   316        100 158.75    133    662        100   67.1     15    233          0      0      0      0
   317        100  148.3    124    719        100  65.94     15    228          0      0      0      0
   318        100 151.42    125    474        100  73.51     15    260          0      0      0      0
   319        100  167.9    128    513        100  75.91     15    187          0      0      0      0
   320        100 168.47    128    698        100  77.77     15    471          0      0      0      0
   321        100 180.04    128   2780        100  93.69     15   2454          0      0      0      0
   322        100 177.78    135    831        100  79.64     15    355          0      0      0      0
   323        100 162.85    125    692        100  72.26     15    278          0      0      0      0
   324        100 167.58    135    514        100  80.25     16    495          0      0      0      0
   325        100 155.34    127    540        100  68.92     15    380          0      0      0      0
   326        100 162.39    134    986        100  77.68     15    568          0      0      0      0
   327        100 163.49    127    477        100  73.81     15    337          0      0      0      0
   328        100 161.93    135    509        100  77.28     15    490          0      0      0      0
   329        100 170.13    127    806        100  74.81     15    358          0      0      0      0
   330        100 163.21    127    657        100  71.09     15    508          0      0      0      0
   331        100 147.73    125    541        100  70.59     15    249          0      0      0      0
   332        100 160.42    135    488        100  68.21     15    199          0      0      0      0
   333        100 163.54    125    719        100  68.76     15    295          0      0      0      0
   334        100 166.72    135    528        100  80.36     15    207          0      0      0      0
   335        100 162.86    125    663        100   72.7     15    313          0      0      0      0
   336        100 160.86    127    519        100  63.23     15    215          0      0      0      0
   337        100 165.94    128    507        100  73.03     15    225          0      0      0      0
   338        100 171.52    128    762        100  73.17     15    376          0      0      0      0
   339        100 163.72    127    535        100  72.96     15    319          0      0      0      0
   340        100 165.63    127    598        100   72.9     15    289          0      0      0      0
   341        100 158.66    128    572        100  70.95     16    270          0      0      0      0
   342        100 170.16    128    682        100  77.83     15    357          0      0      0      0
   343        100  172.4    127    919        100  82.66     15    587          0      0      0      0
   344        100 161.88    127    502        100  73.62     16    199          0      0      0      0
   345        100 174.83    127    639        100  75.37     15    288          0      0      0      0
   346        100 174.53    125    853        100  82.64     16    819          0      0      0      0
   347        100 162.87    127    498        100  71.29     15    197          0      0      0      0
   348        100 175.14    135    658        100  76.98     15    313          0      0      0      0
   349        100 168.09    135    825        100  78.93     15    470          0      0      0      0
   350        100 148.37    124    503        100   65.6     15    220          0      0      0      0
   351        100 150.19    125    513        100  64.66     15    201          0      0      0      0
   352        100 177.08    135    787        100  73.69     15    205          0      0      0      0
   353        100 189.79    128   3076        100  95.23     16   2586          0      0      0      0
   354        100 168.91    135    596        100     79     16    482          0      0      0      0
   355        100 164.46    128    774        100  76.75     15    708          0      0      0      0
   356        100 151.56    127    764        100  69.63     16    337          0      0      0      0
   357        100 156.32    127    697        100  71.35     15    543          0      0      0      0
   358        100  161.5    127    508        100  68.69     16    226          0      0      0      0
   359        100 172.28    125    619        100  81.06     16    599          0      0      0      0
   360        100 164.62    135    726        100  81.49     15    459          0      0      0      0
   361        100 168.28    127    552        100  75.55     16    336          0      0      0      0
   362        100 168.41    135    929        100  77.56     15    361          0      0      0      0
   363        100 162.08    125    720        100   74.2     15    700          0      0      0      0
   364        100 166.75    128    766        100   72.7     15    302          0      0      0      0
   365        100 164.11    125    762        100   76.1     15    409          0      0      0      0
   366        100 169.87    135    510        100  80.06     15    220          0      0      0      0
   367        100  168.5    128   1127        100  74.57     15    206          0      0      0      0
   368        100 165.29    135    634        100  74.64     15    318          0      0      0      0
   369        100 172.51    127    838        100  79.05     15    627          0      0      0      0
   370        100 165.58    127    498        100  73.26     15    197          0      0      0      0
   371        100 172.11    135    637        100  84.34     15    512          0      0      0      0
   372        100 158.52    128    514        100  69.89     15    212          0      0      0      0
   373        100 170.05    127    621        100  73.78     15    318          0      0      0      0
   374        100 162.56    124    489        100  72.35     15    208          0      0      0      0
   375        100 173.26    135    703        100  81.03     15    678          0      0      0      0
   376        100 168.23    128    500        100  75.79     15    198          0      0      0      0
   377        100 171.14    127    622        100  78.22     15    297          0      0      0      0
   378        100 159.69    134    553        100  73.98     16    348          0      0      0      0
   379        100 168.15    128    983        100  71.57     15    283          0      0      0      0
   380        100 159.74    135    619        100  73.56     15    411          0      0      0      0
   381        100 154.52    127    579        100   69.9     16    275          0      0      0      0
   382        100 166.24    135    907        100  79.27     15    370          0      0      0      0
   383        100 175.62    126   1268        100  76.69     15    643          0      0      0      0
   384        100 165.44    135    561        100  76.58     15    216          0      0      0      0
   385        100 196.98    128   3058        100  99.92     16   2620          0      0      0      0
   386        100 166.57    128    818        100  72.54     15    348          0      0      0      0
   387        100 166.55    128    528        100  76.21     15    205          0      0      0      0
   388        100 161.93    135    510        100  75.31     15    191          0      0      0      0
   389        100 168.31    125    576        100  76.68     16    527          0      0      0      0
   390        100 148.58    127    529        100  65.13     15    232          0      0      0      0
   391        100 147.36    128    513        100  67.57     15    212          0      0      0      0
   392        100 151.07    128    504        100  72.04     15    393          0      0      0      0
   393        100 156.45    127    652        100  69.27     15    218          0      0      0      0
   394        100 167.17    128    761        100  75.89     15    451          0      0      0      0
   395        100 176.06    127   1071        100  82.42     15   1049          0      0      0      0
   396        100 212.76    128   5867        100  73.39     15    388          0      0      0      0
   397        100 153.84    135    547        100  71.83     15    319          0      0      0      0
   398        100 179.31    126   1278        100  84.17     16   1254          0      0      0      0
   399        100 168.93    135    820        100  83.23     15    308          0      0      0      0
   400        100 166.64    125    522        100  76.42     15    357          0      0      0      0
   401        100 174.74    135    689        100     83     15    496          0      0      0      0
   402        100 186.18    125   2082        100  76.28     15    338          0      0      0      0
   403        100 164.86    128    496        100  70.34     15    213          0      0      0      0
   404        100 173.82    128    797        100  79.19     15    775          0      0      0      0
   405        100 169.81    128    576        100  77.57     16    390          0      0      0      0
   406        100  174.4    128    892        100  80.31     16    538          0      0      0      0
   407        100 167.99    129    690        100  78.77     15    221          0      0      0      0
   408        100 176.14    135    887        100  81.39     16    576          0      0      0      0
   409        100 167.08    124    538        100  73.25     15    234          0      0      0      0
   410        100 153.67    128    703        100  66.33     15    371          0      0      0      0
   411        100  153.4    124    663        100  71.68     15    314          0      0      0      0
   412        100 167.27    135    659        100  80.89     15    496          0      0      0      0
   413        100 167.31    128    535        100  76.04     15    232          0      0      0      0
   414        100 167.13    128    568        100  67.41     15    266          0      0      0      0
   415        100 173.52    125   1175        100  71.44     15    233          0      0      0      0
   416        100  173.7    135    978        100   78.9     15    225          0      0      0      0
   417        100 191.41    128   3035        100  96.13     15   2729          0      0      0      0
   418        100 172.13    128    655        100  76.33     15    447          0      0      0      0
   419        100  166.3    127    536        100  68.19     15    210          0      0      0      0
   420        100 166.12    125    479        100  71.93     15    199          0      0      0      0
   421        100 171.14    125    540        100  72.43     16    242          0      0      0      0
   422        100 175.06    127    503        100  73.71     15    224          0      0      0      0
   423        100 172.81    128    888        100  76.98     15    422          0      0      0      0
   424        100 170.24    127    896        100   79.8     15    591          0      0      0      0
   425        100 177.38    127    506        100  78.67     16    205          0      0      0      0
   426        100 172.21    128    575        100  77.13     15    274          0      0      0      0
   427        100 162.45    127    509        100  74.85     15    242          0      0      0      0
   428        100  168.5    128    757        100  79.74     15    280          0      0      0      0
   429        100 169.39    128    583        100   78.4     15    493          0      0      0      0
   430        100    168    128    690        100  78.66     15    299          0      0      0      0
   431        100 175.19    128    664        100  79.29     15    338          0      0      0      0
   432        100 173.02    129    535        100  82.46     15    491          0      0      0      0
   433        100 169.96    135    628        100  77.69     16    208          0      0      0      0
   434        100 169.94    127    550        100  74.34     15    268          0      0      0      0
   435        100 169.92    135    696        100  80.08     15    287          0      0      0      0
   436        100 168.79    126    642        100  69.19     16    333          0      0      0      0
   437        100 169.12    128    652        100  77.44     15    264          0      0      0      0
   438        100    163    128    667        100  78.34     15    363          0      0      0      0
   439        100 176.19    128    821        100  71.75     15    207          0      0      0      0
   440        100 170.93    128    502        100  77.17     15    200          0      0      0      0
   441        100 180.31    135    997        100  86.25     15    674          0      0      0      0
   442        100  160.8    128    583        100  71.58     15    492          0      0      0      0
   443        100 147.81    128    521        100  63.82     15    228          0      0      0      0
   444        100 160.73    135    653        100  73.23     16    218          0      0      0      0
   445        100  173.5    127   1000        100  84.07     15    660          0      0      0      0
   446        100 175.11    135    647        100  81.06     15    227          0      0      0      0
   447        100 160.33    128    536        100  71.48     15    328          0      0      0      0
   448        100 154.96    127    578        100  70.24     15    399          0      0      0      0
   449        100 191.87    129   3119        100  98.24     15   2620          0      0      0      0
   450        100 166.53    127    701        100  67.18     15    365          0      0      0      0
   451        100 151.81    125    533        100  65.71     15    229          0      0      0      0
   452        100  166.8    135    506        100  77.09     15    286          0      0      0      0
   453        100 178.19    127    848        100  79.28     15    491          0      0      0      0
   454        100 176.29    135    520        100  83.31     15    493          0      0      0      0
   455        100 169.33    126    505        100   77.8     15    290          0      0      0      0
   456        100 175.68    135    969        100   82.1     15    461          0      0      0      0
   457        100  169.4    128    672        100  75.83     15    332          0      0      0      0
   458        100 170.51    135    795        100  80.57     15    401          0      0      0      0
   459        100 180.04    134    558        100  86.07     15    528          0      0      0      0
   460        100 172.85    128    784        100  66.97     15    199          0      0      0      0
   461        100 152.29    127    521        100   66.3     15    237          0      0      0      0
   462        100 154.88    127    676        100  74.71     15    657          0      0      0      0
   463        100 167.74    128    684        100  75.93     15    279          0      0      0      0
   464        100 162.01    135    743        100  73.94     15    382          0      0      0      0
   465        100 148.05    135    542        100  69.71     15    219          0      0      0      0
   466        100 155.22    126    510        100  67.87     16    205          0      0      0      0
   467        100  170.6    135    797        100  82.13     16    370          0      0      0      0
   468        100 169.29    127    566        100  80.48     15    525          0      0      0      0
   469        100 167.98    135    523        100  85.83     16    272          0      0      0      0
   470        100 174.79    135    832        100  79.15     15    337          0      0      0      0
   471        100 173.78    127    569        100  78.56     15    419          0      0      0      0
   472        100 172.37    127    820        100  74.84     15    513          0      0      0      0
   473        100 172.18    125    552        100  81.17     15    489          0      0      0      0
   474        100 170.07    135    797        100  85.11     15    370          0      0      0      0
   475        100 161.07    127    741        100  71.12     15    328          0      0      0      0
   476        100 160.86    127    479        100  71.26     15    187          0      0      0      0
   477        100  169.4    124    628        100  81.77     15    416          0      0      0      0
   478        100 181.88    135    825        100  81.26     15    271          0      0      0      0
   479        100 175.39    127    515        100  82.76     15    496          0      0      0      0
   480        100 178.68    127   1469        100  78.93     15    529          0      0      0      0
   481        100 193.78    125   3019        100 103.49     16   2706          0      0      0      0
   482        100 175.13    135    918        100  80.32     15    586          0      0      0      0
   483        100  167.7    128    555        100  76.69     15    250          0      0      0      0
   484        100 180.36    127    623        100  80.89     15    196          0      0      0      0
   485        100 177.65    128    897        100  86.69     15    866          0      0      0      0
   486        100 150.21    127    511        100  66.22     15    209          0      0      0      0
   487        100 171.06    128    575        100  82.72     15    547          0      0      0      0
   488        100 224.89    135   5854        100  80.63     15    339          0      0      0      0
   489        100 154.66    125    542        100  68.49     15    257          0      0      0      0
   490        100 166.21    126    619        100     75     15    493          0      0      0      0
   491        100  181.8    135    783        100  86.17     16    584          0      0      0      0
   492        100 174.39    125    510        100  72.37     16    227          0      0      0      0
   493        100 177.32    125    742        100  78.52     15    442          0      0      0      0
   494        100 193.15    128   2654        100  70.96     15    223          0      0      0      0
   495        100 180.06    128   1087        100  75.82     15    308          0      0      0      0
   496        100 185.05    128    977        100  93.18     15    645          0      0      0      0
   497        100 167.85    125    685        100  74.24     15    298          0      0      0      0
   498        100 165.84    135    806        100  76.12     15    355          0      0      0      0
   499        100 171.94    125    521        100  76.66     15    237          0      0      0      0
   500        100  177.1    135    710        100  79.03     15    189          0      0      0      0
   501        100 149.01    125    502        100  67.53     15    219          0      0      0      0
   502        100 156.69    127    538        100  66.35     15    199          0      0      0      0
   503        100 151.87    134    528        100  72.44     15    487          0      0      0      0
   504        100  157.7    125    723        100  72.33     16    445          0      0      0      0
   505        100 172.39    135    698        100  80.21     15    667          0      0      0      0
   506        100  171.4    125    674        100  76.98     15    389          0      0      0      0
   507        100 175.94    127    743        100  80.92     16    388          0      0      0      0
   508        100 172.83    128    696        100  83.04     15    673          0      0      0      0
   509        100 171.73    135    956        100  93.53     15    623          0      0      0      0
   510        100 171.05    128    515        100  77.35     15    496          0      0      0      0
   511        100 171.63    128    571        100  77.82     16    242          0      0      0      0
   512        100  171.3    135    673        100  81.28     15    269          0      0      0      0
   513        100 202.91    127   3168        100 108.49     16   2732          0      0      0      0
   514        100 174.33    128    580        100  77.68     15    357          0      0      0      0
   515        100 166.18    128    501        100  70.87     15    219          0      0      0      0
   516        100 183.22    135    858        100  76.56     15    269          0      0      0      0
   517        100 275.34    128   6762        100  88.91     15   1340          0      0      0      0
   518        100 180.15    127    724        100  70.97     15    357          0      0      0      0
   519        100 175.87    128    571        100  77.36     15    258          0      0      0      0
   520        100  175.2    135    543        100  79.19     15    282          0      0      0      0
   521        100 185.78    128    706        100  83.25     15    391          0      0      0      0
   522        100 186.67    127   1079        100  86.24     15   1028          0      0      0      0
   523        100 184.62    129    624        100   82.1     15    592          0      0      0      0
   524        100 184.92    135    599        100  85.62     15    259          0      0      0      0
   525        100 176.73    128    814        100  85.11     15    466          0      0      0      0
   526        100 182.89    124    685        100  76.04     16    250          0      0      0      0
   527        100 188.04    135    913        100  85.28     15    613          0      0      0      0
   528        100 187.28    128    703        100  77.42     15    267          0      0      0      0
   529        100 196.79    126    999        100  86.23     15    588          0      0      0      0
   530        100 180.17    128    645        100  80.81     15    320          0      0      0      0
   531        100 193.71    128    937        100  85.09     15    442          0      0      0      0
   532        100 174.75    124    576        100  78.91     15    451          0      0      0      0
   533        100 159.12    128    524        100  70.85     16    227          0      0      0      0
   534        100 169.11    135    680        100  73.67     15    428          0      0      0      0
   535        100 176.94    129    603        100  72.86     15    278          0      0      0      0
   536        100 155.61    128    558        100  68.64     15    239          0      0      0      0
   537        100 165.11    128    708        100  66.04     15    251          0      0      0      0
   538        100 167.37    128    915        100  79.26     15    893          0      0      0      0
   539        100 162.98    125    555        100  71.88     15    269          0      0      0      0
   540        100 163.14    125    766        100   67.2     15    230          0      0      0      0
   541        100 161.67    125    790        100  74.07     15    477          0      0      0      0
   542        100 156.16    125    538        100  69.36     15    255          0      0      0      0
   543        100 164.67    127    694        100  75.14     15    331          0      0      0      0
   544        100 174.27    128    891        100  76.39     15    348          0      0      0      0
   545        100 212.46    135   3075        100 104.16     16   2708          0      0      0      0
   546        100 180.89    128    965        100  80.82     15    605          0      0      0      0
   547        100 299.26    125   9642        100  76.27     15    296          0      0      0      0
   548        100 209.94    135   2084        100  85.61     16    614          0      0      0      0
   549        100 262.32    128   7617        100  74.33     15    236          0      0      0      0
   550        100 184.87    127    895        100  75.57     15    298          0      0      0      0
   551        100 180.67    135    631        100  84.29     15    402          0      0      0      0
   552        100 178.96    128    693        100  79.29     15    256          0      0      0      0
   553        100 187.89    133    996        100  84.07     15    677          0      0      0      0
   554        100 179.49    128    646        100  74.99     15    341          0      0      0      0
   555        100 287.22    135   8082        100  82.41     16    212          0      0      0      0
   556        100 195.18    135    871        100  83.44     15    529          0      0      0      0
   557        100 176.99    128    567        100   77.5     15    428          0      0      0      0
   558        100 158.33    135    591        100  72.29     15    273          0      0      0      0
   559        100 176.46    127   1019        100  75.04     15    379          0      0      0      0
   560        100 189.99    135    969        100  82.45     15    558          0      0      0      0
   561        100 273.17    128   9570        100  79.22     15    366          0      0      0      0
   562        100 243.13    128   3099        100  82.39     15    367          0      0      0      0
   563        100  175.2    135    662        100  76.13     15    235          0      0      0      0
   564        100 187.01    128    794        100  83.02     16    472          0      0      0      0
   565        100 173.58    128    670        100  72.03     15    212          0      0      0      0
   566        100 170.93    135    757        100  78.64     15    282          0      0      0      0
   567        100 180.64    126   1930        100  83.24     15   1497          0      0      0      0
   568        100 174.96    125    693        100  82.56     15    491          0      0      0      0
   569        100 169.14    135    609        100  78.79     16    315          0      0      0      0
   570        100 169.38    131    700        100   72.8     15    273          0      0      0      0
   571        100 184.52    125    763        100  91.51     15    744          0      0      0      0
   572        100 179.78    125   1212        100  88.25     16   1188          0      0      0      0
   573        100 178.14    125    525        100  75.45     15    447          0      0      0      0
   574        100 172.54    127    694        100  75.91     15    251          0      0      0      0
   575        100 174.75    129    629        100  80.28     15    401          0      0      0      0
   576        100 181.94    128    670        100  81.55     15    578          0      0      0      0
   577        100 206.93    129   3814        100 110.22     16   3334          0      0      0      0
   578        100 164.85    127    997        100   73.3     15    589          0      0      0      0
   579        100 172.94    128    810        100  83.64     15    317          0      0      0      0
   580        100  171.1    128   1045        100  76.86     16    495          0      0      0      0
   581        100 162.31    125    659        100  74.11     15    638          0      0      0      0
   582        100 151.77    135    615        100  69.54     15    253          0      0      0      0
   583        100 195.88    125   5031        100  113.2     15   4989          0      0      0      0
   584        100 171.96    135    541        100  81.54     15    340          0      0      0      0
   585        100 171.62    125    818        100  73.17     15    267          0      0      0      0
   586        100 208.21    125   1804        100  76.52     15    248          0      0      0      0
   587        100 219.84    135   2200        100  86.06     16   1255          0      0      0      0
   588        100 173.04    128    590        100  66.51     15    266          0      0      0      0
   589        100 195.55    127    744        100   73.9     15    221          0      0      0      0
   590        100  200.6    128    745        100  78.55     16    332          0      0      0      0
   591        100    201    135    846        100  73.77     16    207          0      0      0      0
   592        100 218.01    129    985        100  83.27     16    501          0      0      0      0
   593        100 189.65    129    792        100  80.46     15    742          0      0      0      0
   594        100 185.17    135    727        100  82.93     15    424          0      0      0      0
   595        100 179.04    126    910        100  78.63     16    452          0      0      0      0
   596        100 170.77    135    710        100  79.62     15    267          0      0      0      0
   597        100  182.7    127    691        100  77.06     15    224          0      0      0      0
   598        100 178.59    127    687        100  82.17     15    497          0      0      0      0
   599        100 170.47    128    484        100  79.57     16    203          0      0      0      0
   600        100 163.26    128   1021        100  71.86     15    612          0      0      0      0
   601        100 154.07    129    503        100  69.04     15    201          0      0      0      0
   602        100 172.52    135    636        100  80.85     16    614          0      0      0      0
   603        100 155.68    127    530        100  73.05     15    510          0      0      0      0
   604        100 178.71    126    587        100  77.81     15    305          0      0      0      0
   605        100  172.5    135    702        100  81.47     15    210          0      0      0      0
   606        100 178.18    128   1067        100  77.85     15    224          0      0      0      0
   607        100 234.71    126   5846        100  77.31     16    338          0      0      0      0
   608        100 180.84    127    654        100  84.72     15    634          0      0      0      0
   609        100 202.05    135   3376        100 109.21     16   2941          0      0      0      0
   610        100 174.93    135    704        100  82.97     15    293          0      0      0      0
   611        100 181.12    125    874        100  82.15     16    535          0      0      0      0
   612        100 174.54    135    520        100  82.21     16    427          0      0      0      0
   613        100 159.31    126   1036        100  71.47     15    538          0      0      0      0
   614        100 175.36    134    830        100  83.88     15    629          0      0      0      0
   615        100 190.54    128    955        100  83.03     15    596          0      0      0      0
   616        100 186.94    124    731        100  85.74     15    339          0      0      0      0
   617        100 169.35    135    528        100  77.89     15    329          0      0      0      0
   618        100 167.84    128    534        100  76.81     16    231          0      0      0      0
   619        100 178.15    127    828        100  84.43     15    433          0      0      0      0
   620        100 189.12    129   1111        100   88.4     16    760          0      0      0      0
   621        100 178.06    135    551        100  87.23     15    228          0      0      0      0
   622        100 180.51    126   1225        100  81.64     15    650          0      0      0      0
   623        100 190.24    125   1643        100  79.11     15    299          0      0      0      0
   624        100 174.87    135   1128        100   75.5     15    591          0      0      0      0
   625        100 151.96    134    520        100  69.57     15    268          0      0      0      0
   626        100 154.83    127    556        100  68.35     16    185          0      0      0      0
   627        100 145.37    127    515        100  66.31     15    213          0      0      0      0
   628        100 159.26    135    644        100  76.81     16    275          0      0      0      0
   629        100  175.9    128    686        100  74.28     16    219          0      0      0      0
   630        100 176.44    127   1035        100  85.24     16   1011          0      0      0      0
   631        100 170.67    128    521        100  73.34     15    218          0      0      0      0
   632        100 179.41    135    911        100     85     15    669          0      0      0      0
   633        100 181.06    124   1493        100  89.16     15    932          0      0      0      0
   634        100 174.87    135    724        100  80.69     15    353          0      0      0      0
   635        100 176.05    129    658        100  79.83     16    360          0      0      0      0
   636        100 180.93    128    648        100  79.14     15    348          0      0      0      0
   637        100 183.92    128    839        100   85.2     16    427          0      0      0      0
   638        100 175.98    129    518        100  80.36     16    216          0      0      0      0
   639        100 173.36    128    635        100  79.46     16    269          0      0      0      0
   640        100 178.86    135    705        100  86.22     15    566          0      0      0      0
   641        100 201.16    128   3551        100 107.68     16   3204          0      0      0      0
   642        100 175.78    135    584        100  82.47     15    232          0      0      0      0
   643        100 186.29    126    796        100  86.57     15    504          0      0      0      0
   644        100 175.82    135    573        100  85.18     15    244          0      0      0      0
   645        100 186.02    127    954        100  83.22     15    553          0      0      0      0
   646        100 183.02    135    674        100  83.21     15    212          0      0      0      0
   647        100 187.97    127    899        100  81.75     15    373          0      0      0      0
   648        100  182.9    135    546        100  84.12     15    224          0      0      0      0
   649        100 173.37    128    816        100  81.03     15    475          0      0      0      0
   650        100 180.35    135    519        100  86.51     16    224          0      0      0      0
   651        100  176.6    126    921        100  73.05     16    211          0      0      0      0
   652        100 177.36    135    668        100  88.02     16    350          0      0      0      0
   653        100 149.25    125    527        100  64.22     15    222          0      0      0      0
   654        100 159.98    135    917        100  74.59     15    610          0      0      0      0
   655        100 163.12    125    581        100  72.04     15    284          0      0      0      0
   656        100 192.03    128   1215        100  78.72     16    215          0      0      0      0
   657        100 184.09    135    765        100  85.05     15    262          0      0      0      0
   658        100   1914    128  22175        100  82.88     16    272          0      0      0      0
   659        100 2149.14    128  31054        100  78.87     16    277          0      0      0      0
   660        100 2019.86    127  22391        100  79.35     16    255          0      0      0      0
   661        100 2401.46    128  66928        100  86.18     15    720          0      0      0      0
